26.0 0.109486 6.32 0.086803 560
41.6 0.176353 9.80 0.137399 570 
56.8 0.241854 13.4 0.189115 580 
71.2 0.306780 16.8 0.241373 590
86.0 0.371953 20.4 0.293798 600
102.0 0.438508 24.4 0.347508 610
116.0 0.502973 27.6 0.401183 620
132.0 0.567338 30.8 0.454124 630
146.0 0.632360 34.4 0.508263 640
160.0 0.697828 38.0 0.561360 650
176.0 0.764114 42.4 0.612131 660
190.0 0.829563 45.6 0.665599 670
208.0 0.895773 49.6 0.717837 680
224.0 0.964346 52.8 0.768495 690
240.0 1.031387 56.8 0.828497 700
256.0 1.097528 59.2 0.880167 710