0.000000000000000e+00	4.049391e+01
7.751711452357958e-09	4.049386e+01
2.325513435707430e-08	4.049374e+01
5.426198016650698e-08	4.049345e+01
9.426198016650702e-08	4.049298e+01
1.342619801665071e-07	4.049244e+01
1.742619801665071e-07	4.049182e+01
2.142619801665071e-07	4.049117e+01
2.542619801665072e-07	4.049049e+01
2.942619801665072e-07	4.048980e+01
3.342619801665073e-07	4.048912e+01
3.742619801665073e-07	4.048845e+01
4.142619801665073e-07	4.048782e+01
4.542619801665074e-07	4.048722e+01
4.942619801665074e-07	4.048668e+01
5.342619801665075e-07	4.048621e+01
5.742619801665075e-07	4.048580e+01
6.142619801665075e-07	4.048549e+01
6.542619801665076e-07	4.048526e+01
6.942619801665076e-07	4.048514e+01
7.342619801665077e-07	4.048513e+01
7.742619801665077e-07	4.048524e+01
8.142619801665077e-07	4.048548e+01
8.542619801665078e-07	4.048585e+01
8.942619801665078e-07	4.048635e+01
9.342619801665079e-07	4.048698e+01
9.742619801665079e-07	4.048772e+01
9.909999999999999e-07	4.048808e+01
9.975239603330159e-07	4.048822e+01
1.013571880999048e-06	4.048859e+01
1.031000000000000e-06	4.048903e+01
1.032000000000000e-06	4.048905e+01
1.032600000000000e-06	4.048907e+01
1.033240000000000e-06	4.048908e+01
1.034520000000000e-06	4.048911e+01
1.037080000000000e-06	4.048918e+01
1.046824931003430e-06	4.048944e+01
1.047922341564193e-06	4.048946e+01
1.048196694204384e-06	4.048947e+01
1.048265282364432e-06	4.048948e+01
1.048282429404443e-06	4.048948e+01
1.048316723484467e-06	4.048948e+01
1.048325297004473e-06	4.048948e+01
1.048327440384475e-06	4.048948e+01
1.048331727144478e-06	4.048948e+01
1.048340300664484e-06	4.048948e+01
1.048342444044485e-06	4.048948e+01
1.048346730804488e-06	4.048948e+01
1.048355304324494e-06	4.048948e+01
1.048372451364506e-06	4.048948e+01
1.048406745444530e-06	4.048948e+01
1.048459737601961e-06	4.048948e+01
1.048543926547628e-06	4.048948e+01
1.048634299072820e-06	4.048948e+01
1.048815044123204e-06	4.048949e+01
1.049547900483958e-06	4.048951e+01
1.050392320086320e-06	4.048953e+01
1.052081159291043e-06	4.048958e+01
1.055458837700490e-06	4.048967e+01
1.059716925450834e-06	4.048978e+01
1.063872533720373e-06	4.048990e+01
1.067759800445827e-06	4.049001e+01
1.070227561070429e-06	4.049008e+01
1.072497616326187e-06	4.049014e+01
1.074166341420302e-06	4.049019e+01
1.076060351644408e-06	4.049025e+01
1.078192569178685e-06	4.049031e+01
1.079751903698224e-06	4.049036e+01
1.080722883336574e-06	4.049039e+01
1.081435717241626e-06	4.049041e+01
1.081924437594608e-06	4.049043e+01
1.082364112658663e-06	4.049044e+01
1.082833450737565e-06	4.049045e+01
1.083495639341560e-06	4.049047e+01
1.084580021517295e-06	4.049051e+01
1.085704532215270e-06	4.049054e+01
1.086784803053383e-06	4.049058e+01
1.087783915951320e-06	4.049061e+01
1.088812051751843e-06	4.049064e+01
1.089835593441230e-06	4.049068e+01
1.090881038738157e-06	4.049072e+01
1.091908780893478e-06	4.049075e+01
1.092946510845536e-06	4.049079e+01
1.093973949060375e-06	4.049083e+01
1.095010726298308e-06	4.049087e+01
1.096040436420013e-06	4.049091e+01
1.097076154431828e-06	4.049096e+01
1.098106631704779e-06	4.049101e+01
1.099141418029394e-06	4.049106e+01
1.100172607481958e-06	4.049112e+01
1.101206849650473e-06	4.049118e+01
1.102238532448985e-06	4.049124e+01
1.102700471647788e-06	4.049127e+01
1.102956388558173e-06	4.049128e+01
1.103220417655214e-06	4.049130e+01
1.103382144164994e-06	4.049131e+01
1.103539534133989e-06	4.049132e+01
1.103786838056969e-06	4.049134e+01
1.104281445902930e-06	4.049137e+01
1.104997863261681e-06	4.049142e+01
1.106104596240647e-06	4.049150e+01
1.107216408049906e-06	4.049158e+01
1.108353178312278e-06	4.049166e+01
1.109026088750468e-06	4.049171e+01
1.109504742319883e-06	4.049174e+01
1.109685563324705e-06	4.049176e+01
1.109798993605863e-06	4.049177e+01
1.109909767623252e-06	4.049178e+01
1.110074821124182e-06	4.049179e+01
1.110347010026937e-06	4.049181e+01
1.110891387832448e-06	4.049186e+01
1.111669471217165e-06	4.049193e+01
1.112944134637761e-06	4.049205e+01
1.114456639406631e-06	4.049220e+01
1.116563945979353e-06	4.049241e+01
1.118977362552588e-06	4.049264e+01
1.121822111231955e-06	4.049289e+01
1.124063489777331e-06	4.049306e+01
1.126599119320342e-06	4.049322e+01
1.127599119320342e-06	4.049328e+01
1.128000000000000e-06	4.049330e+01
1.128198238640684e-06	4.049331e+01
1.128594715922053e-06	4.049333e+01
1.129000000000000e-06	4.049335e+01
1.129142857142857e-06	4.049335e+01
1.129285714285714e-06	4.049336e+01
1.129428571428571e-06	4.049337e+01
1.129571428571428e-06	4.049337e+01
1.129714285714286e-06	4.049338e+01
1.129857142857143e-06	4.049339e+01
1.130000000000000e-06	4.049339e+01
1.130416924693086e-06	4.049341e+01
1.130847298569820e-06	4.049342e+01
1.131708046323289e-06	4.049345e+01
1.132792728484498e-06	4.049349e+01
1.133909376309730e-06	4.049353e+01
1.134964023547206e-06	4.049356e+01
1.136316169492794e-06	4.049360e+01
1.137031848751720e-06	4.049362e+01
1.137420796636474e-06	4.049364e+01
1.137575990770087e-06	4.049364e+01
1.137740392126148e-06	4.049365e+01
1.137818943016203e-06	4.049366e+01
1.137879024171390e-06	4.049366e+01
1.137945683565898e-06	4.049366e+01
1.137995210234111e-06	4.049367e+01
1.138063169678761e-06	4.049367e+01
1.138138691144050e-06	4.049368e+01
1.138227282662638e-06	4.049368e+01
1.138366054999791e-06	4.049369e+01
1.138497001566859e-06	4.049369e+01
1.138728005864061e-06	4.049371e+01
1.138962949086229e-06	4.049372e+01
1.139361315368095e-06	4.049374e+01
1.140158047931827e-06	4.049378e+01
1.141580320614858e-06	4.049386e+01
1.143226161390259e-06	4.049395e+01
1.143589294651893e-06	4.049397e+01
1.144315561175160e-06	4.049401e+01
1.145768094221695e-06	4.049410e+01
1.146024802300016e-06	4.049412e+01
1.146088979319596e-06	4.049413e+01
1.146217333358756e-06	4.049413e+01
1.146249421868546e-06	4.049413e+01
1.146313598888127e-06	4.049414e+01
1.146441952927287e-06	4.049414e+01
1.146698661005608e-06	4.049416e+01
1.147020216357549e-06	4.049418e+01
1.147479942066739e-06	4.049421e+01
1.147969914562517e-06	4.049424e+01
1.148389977246998e-06	4.049427e+01
1.148806746300261e-06	4.049430e+01
1.149098375232221e-06	4.049432e+01
1.149393784104143e-06	4.049434e+01
1.149771228421766e-06	4.049436e+01
1.150517478427370e-06	4.049441e+01
1.151579650931123e-06	4.049448e+01
1.152836397078500e-06	4.049456e+01
1.154066676590895e-06	4.049464e+01
1.155354064984616e-06	4.049473e+01
1.156411769001064e-06	4.049480e+01
1.157023162599667e-06	4.049484e+01
1.157326127403047e-06	4.049486e+01
1.157487588063368e-06	4.049487e+01
1.157621423854243e-06	4.049488e+01
1.158179458711550e-06	4.049492e+01
1.158698138236240e-06	4.049495e+01
1.159176583671673e-06	4.049498e+01
1.159909221802069e-06	4.049503e+01
1.160494449167763e-06	4.049507e+01
1.161075184998249e-06	4.049511e+01
1.161748365160862e-06	4.049516e+01
1.162394971822095e-06	4.049520e+01
1.163603879481599e-06	4.049527e+01
1.165017105609158e-06	4.049537e+01
1.167661817585487e-06	4.049554e+01
1.169204849382522e-06	4.049564e+01
1.170154517579106e-06	4.049569e+01
1.171031719154702e-06	4.049575e+01
1.171420739386044e-06	4.049577e+01
1.171982942223257e-06	4.049581e+01
1.172941150025422e-06	4.049587e+01
1.173988576639177e-06	4.049593e+01
1.175257509168925e-06	4.049601e+01
1.177091131345250e-06	4.049612e+01
1.179114922419313e-06	4.049624e+01
1.182165820235617e-06	4.049641e+01
1.185508910017529e-06	4.049660e+01
1.188618435194050e-06	4.049678e+01
1.191947089225898e-06	4.049696e+01
1.194958582707197e-06	4.049711e+01
1.197980503794591e-06	4.049726e+01
1.200722241317142e-06	4.049740e+01
1.203382956998616e-06	4.049753e+01
1.205793352973966e-06	4.049765e+01
1.208128649043630e-06	4.049776e+01
1.210435547056897e-06	4.049786e+01
1.213191653812154e-06	4.049799e+01
1.216643833519226e-06	4.049813e+01
1.221248473364409e-06	4.049833e+01
1.227441973769324e-06	4.049858e+01
1.236291753459917e-06	4.049890e+01
1.249667250483512e-06	4.049934e+01
1.273099560630034e-06	4.049995e+01
1.313099560630034e-06	4.050070e+01
1.353099560630034e-06	4.050113e+01
1.393099560630034e-06	4.050126e+01
1.433099560630034e-06	4.050117e+01
1.473099560630034e-06	4.050090e+01
1.513099560630034e-06	4.050050e+01
1.553099560630034e-06	4.050000e+01
1.593099560630034e-06	4.049943e+01
1.633099560630034e-06	4.049881e+01
1.673099560630034e-06	4.049817e+01
1.713099560630034e-06	4.049752e+01
1.753099560630034e-06	4.049687e+01
1.793099560630034e-06	4.049623e+01
1.833099560630035e-06	4.049562e+01
1.873099560630035e-06	4.049504e+01
1.913099560630035e-06	4.049452e+01
1.953099560630035e-06	4.049405e+01
1.993099560630035e-06	4.049366e+01
2.033099560630035e-06	4.049334e+01
2.073099560630035e-06	4.049312e+01
2.113099560630035e-06	4.049300e+01
2.153099560630035e-06	4.049299e+01
2.193099560630035e-06	4.049309e+01
2.233099560630035e-06	4.049332e+01
2.273099560630035e-06	4.049367e+01
2.313099560630035e-06	4.049416e+01
2.353099560630035e-06	4.049478e+01
2.393099560630035e-06	4.049552e+01
2.419000000000000e-06	4.049605e+01
2.422000000000000e-06	4.049612e+01
2.434000000000001e-06	4.049640e+01
2.437428571428572e-06	4.049648e+01
2.440857142857143e-06	4.049656e+01
2.444285714285714e-06	4.049665e+01
2.447714285714286e-06	4.049673e+01
2.451142857142857e-06	4.049682e+01
2.454571428571428e-06	4.049691e+01
2.458000000000000e-06	4.049699e+01
2.459000000000000e-06	4.049702e+01
2.459600000000000e-06	4.049703e+01
2.460000000000000e-06	4.049704e+01
2.460600000000000e-06	4.049706e+01
2.461240000000000e-06	4.049708e+01
2.462520000000000e-06	4.049711e+01
2.465080000000000e-06	4.049718e+01
2.474824931003430e-06	4.049744e+01
2.475922341564193e-06	4.049746e+01
2.476196694204384e-06	4.049747e+01
2.476265282364431e-06	4.049747e+01
2.476282429404443e-06	4.049747e+01
2.476316723484467e-06	4.049747e+01
2.476325297004473e-06	4.049747e+01
2.476327440384475e-06	4.049747e+01
2.476331727144477e-06	4.049747e+01
2.476340300664483e-06	4.049747e+01
2.476342444044485e-06	4.049747e+01
2.476346730804488e-06	4.049747e+01
2.476355304324494e-06	4.049747e+01
2.476372451364506e-06	4.049748e+01
2.476406745444530e-06	4.049748e+01
2.476459741473620e-06	4.049748e+01
2.476543935358131e-06	4.049748e+01
2.476634313270844e-06	4.049748e+01
2.476815069096269e-06	4.049749e+01
2.477547287799208e-06	4.049751e+01
2.478390376588406e-06	4.049753e+01
2.480076554166801e-06	4.049758e+01
2.483448909323592e-06	4.049767e+01
2.487705605648236e-06	4.049779e+01
2.491861927825452e-06	4.049791e+01
2.495755699050031e-06	4.049802e+01
2.498224822884441e-06	4.049809e+01
2.500501802228493e-06	4.049815e+01
2.502175308590674e-06	4.049820e+01
2.504071167808191e-06	4.049826e+01
2.506199681357036e-06	4.049832e+01
2.507758546798637e-06	4.049837e+01
2.508728871437402e-06	4.049840e+01
2.509441390622912e-06	4.049842e+01
2.509930037023496e-06	4.049843e+01
2.510369634360143e-06	4.049845e+01
2.510838909018950e-06	4.049846e+01
2.511501091247222e-06	4.049848e+01
2.512588352745064e-06	4.049852e+01
2.513711373404510e-06	4.049855e+01
2.514792458009264e-06	4.049859e+01
2.515790545161843e-06	4.049862e+01
2.516819555792712e-06	4.049866e+01
2.517842473365267e-06	4.049869e+01
2.518888493198245e-06	4.049873e+01
2.519915746834487e-06	4.049876e+01
2.520953875170884e-06	4.049880e+01
2.521980980454909e-06	4.049884e+01
2.523018043914627e-06	4.049889e+01
2.524047517371019e-06	4.049893e+01
2.525083434869789e-06	4.049897e+01
2.526113744798395e-06	4.049902e+01
2.527148672148625e-06	4.049908e+01
2.528179743768279e-06	4.049913e+01
2.529214085279460e-06	4.049920e+01
2.530245684858382e-06	4.049926e+01
2.530713922179267e-06	4.049929e+01
2.530877521089326e-06	4.049929e+01
2.531086105596159e-06	4.049931e+01
2.531330278045439e-06	4.049932e+01
2.531550999288150e-06	4.049934e+01
2.531845651606771e-06	4.049936e+01
2.532298877766867e-06	4.049939e+01
2.532957820814187e-06	4.049944e+01
2.534012584208007e-06	4.049951e+01
2.535156798390703e-06	4.049959e+01
2.536265092400008e-06	4.049967e+01
2.536942005395361e-06	4.049972e+01
2.537456318588087e-06	4.049976e+01
2.537649124717044e-06	4.049977e+01
2.537783279460410e-06	4.049979e+01
2.537916537641885e-06	4.049980e+01
2.538069069589278e-06	4.049981e+01
2.538374133484064e-06	4.049984e+01
2.538959329169457e-06	4.049989e+01
2.539785435824409e-06	4.049996e+01
2.541083589586320e-06	4.050009e+01
2.542637741426269e-06	4.050024e+01
2.544787899945535e-06	4.050045e+01
2.547229639405627e-06	4.050068e+01
2.550054728218876e-06	4.050093e+01
2.552151378770732e-06	4.050108e+01
2.554628538335331e-06	4.050125e+01
2.555345588120341e-06	4.050129e+01
2.556565900429979e-06	4.050135e+01
2.557000000000000e-06	4.050137e+01
2.557472796560165e-06	4.050139e+01
2.557816103195034e-06	4.050141e+01
2.558000000000000e-06	4.050142e+01
2.558142857142857e-06	4.050142e+01
2.558285714285714e-06	4.050143e+01
2.558428571428571e-06	4.050143e+01
2.558571428571428e-06	4.050144e+01
2.558714285714286e-06	4.050144e+01
2.558857142857143e-06	4.050145e+01
2.559000000000000e-06	4.050145e+01
2.559336999337493e-06	4.050146e+01
2.559684869621356e-06	4.050148e+01
2.560380610189082e-06	4.050150e+01
2.561402870297739e-06	4.050153e+01
2.562414159771146e-06	4.050156e+01
2.563612923408904e-06	4.050160e+01
2.564572167204550e-06	4.050163e+01
2.565072363152011e-06	4.050165e+01
2.565347554206804e-06	4.050166e+01
2.565472312876772e-06	4.050166e+01
2.565604012295033e-06	4.050167e+01
2.565655177995567e-06	4.050167e+01
2.565716016610155e-06	4.050168e+01
2.565773357513677e-06	4.050168e+01
2.565833564551882e-06	4.050168e+01
2.565897816427246e-06	4.050169e+01
2.565968841984089e-06	4.050169e+01
2.566058699229293e-06	4.050169e+01
2.566159644493488e-06	4.050170e+01
2.566315503089254e-06	4.050171e+01
2.566478090803166e-06	4.050172e+01
2.566803266230988e-06	4.050173e+01
2.567306297349044e-06	4.050176e+01
2.567848607636458e-06	4.050179e+01
2.568802300478965e-06	4.050184e+01
2.570010179284132e-06	4.050191e+01
2.571883646033421e-06	4.050202e+01
2.572214063753032e-06	4.050204e+01
2.572874899192254e-06	4.050208e+01
2.574196570070698e-06	4.050216e+01
2.574497518742354e-06	4.050218e+01
2.575099416085668e-06	4.050222e+01
2.575249890421496e-06	4.050222e+01
2.575287509005453e-06	4.050223e+01
2.575362746173367e-06	4.050223e+01
2.575513220509196e-06	4.050224e+01
2.575814169180853e-06	4.050226e+01
2.576192863471554e-06	4.050229e+01
2.576734921329519e-06	4.050232e+01
2.577218533858689e-06	4.050235e+01
2.577592126285442e-06	4.050238e+01
2.577937188941600e-06	4.050240e+01
2.578242245776983e-06	4.050242e+01
2.578580031409651e-06	4.050245e+01
2.579091562522326e-06	4.050248e+01
2.580048734056602e-06	4.050254e+01
2.581100377982173e-06	4.050262e+01
2.582013157603413e-06	4.050268e+01
2.582646382368362e-06	4.050272e+01
2.583357798908594e-06	4.050277e+01
2.584083031021589e-06	4.050282e+01
2.585163323620980e-06	4.050289e+01
2.585707367668771e-06	4.050293e+01
2.586168342408033e-06	4.050296e+01
2.586381897563368e-06	4.050298e+01
2.586505956756818e-06	4.050298e+01
2.586626387893381e-06	4.050299e+01
2.586765042052419e-06	4.050300e+01
2.586905413899049e-06	4.050301e+01
2.587186157592310e-06	4.050303e+01
2.587726709688967e-06	4.050307e+01
2.588219768147594e-06	4.050310e+01
2.588997311556364e-06	4.050315e+01
2.589709134034323e-06	4.050320e+01
2.590375901070614e-06	4.050325e+01
2.590988916629722e-06	4.050329e+01
2.591920438044597e-06	4.050335e+01
2.593084717720428e-06	4.050343e+01
2.594762504676997e-06	4.050354e+01
2.597307012483602e-06	4.050371e+01
2.598518353007933e-06	4.050379e+01
2.599126203494092e-06	4.050383e+01
2.599706653127241e-06	4.050386e+01
2.600180923372734e-06	4.050389e+01
2.600724740811899e-06	4.050393e+01
2.601588763712546e-06	4.050398e+01
2.602512138679562e-06	4.050404e+01
2.603892840573292e-06	4.050413e+01
2.605345346067388e-06	4.050422e+01
2.607263641243946e-06	4.050433e+01
2.609549432582822e-06	4.050447e+01
2.611987763615843e-06	4.050462e+01
2.614924611475441e-06	4.050479e+01
2.617978161867494e-06	4.050496e+01
2.620808599809037e-06	4.050512e+01
2.623440484929448e-06	4.050526e+01
2.625849368672190e-06	4.050538e+01
2.627902644138704e-06	4.050549e+01
2.629815455034479e-06	4.050559e+01
2.631731617422447e-06	4.050568e+01
2.633535292636386e-06	4.050578e+01
2.635959476001802e-06	4.050589e+01
2.638475576950128e-06	4.050601e+01
2.641516680508003e-06	4.050615e+01
2.644515448110949e-06	4.050629e+01
2.647543487596140e-06	4.050642e+01
2.651165172007913e-06	4.050658e+01
2.656999243147790e-06	4.050681e+01
2.665777327718277e-06	4.050714e+01
2.680281864989793e-06	4.050763e+01
2.703407248710222e-06	4.050825e+01
2.743407248710222e-06	4.050901e+01
2.783407248710222e-06	4.050944e+01
2.823407248710222e-06	4.050958e+01
2.863407248710222e-06	4.050948e+01
2.903407248710222e-06	4.050921e+01
2.943407248710222e-06	4.050880e+01
2.983407248710222e-06	4.050829e+01
3.023407248710222e-06	4.050772e+01
3.063407248710222e-06	4.050710e+01
3.103407248710222e-06	4.050645e+01
3.143407248710222e-06	4.050579e+01
3.183407248710222e-06	4.050514e+01
3.223407248710222e-06	4.050450e+01
3.263407248710222e-06	4.050389e+01
3.303407248710222e-06	4.050332e+01
3.343407248710222e-06	4.050280e+01
3.383407248710222e-06	4.050234e+01
3.423407248710222e-06	4.050195e+01
3.463407248710222e-06	4.050165e+01
3.503407248710223e-06	4.050143e+01
3.543407248710223e-06	4.050133e+01
3.583407248710223e-06	4.050133e+01
3.623407248710223e-06	4.050144e+01
3.663407248710223e-06	4.050168e+01
3.703407248710223e-06	4.050205e+01
3.743407248710223e-06	4.050255e+01
3.783407248710223e-06	4.050318e+01
3.823407248710222e-06	4.050394e+01
3.847999999999999e-06	4.050445e+01
3.851000000000000e-06	4.050452e+01
3.863000000000001e-06	4.050480e+01
3.866571428571429e-06	4.050489e+01
3.870142857142858e-06	4.050498e+01
3.873714285714286e-06	4.050506e+01
3.877285714285715e-06	4.050515e+01
3.880857142857143e-06	4.050524e+01
3.884428571428572e-06	4.050533e+01
3.888000000000000e-06	4.050542e+01
3.889000000000000e-06	4.050545e+01
3.889600000000000e-06	4.050547e+01
3.890240000000000e-06	4.050548e+01
3.891520000000000e-06	4.050552e+01
3.894080000000001e-06	4.050558e+01
3.903824931003430e-06	4.050584e+01
3.904922341564194e-06	4.050587e+01
3.905196694204384e-06	4.050588e+01
3.905265282364431e-06	4.050588e+01
3.905282429404443e-06	4.050588e+01
3.905316723484468e-06	4.050589e+01
3.905325297004473e-06	4.050589e+01
3.905327440384474e-06	4.050589e+01
3.905331727144478e-06	4.050589e+01
3.905340300664484e-06	4.050589e+01
3.905342444044485e-06	4.050589e+01
3.905346730804488e-06	4.050589e+01
3.905355304324494e-06	4.050589e+01
3.905372451364506e-06	4.050589e+01
3.905406745444530e-06	4.050589e+01
3.905459741444725e-06	4.050589e+01
3.905543934830732e-06	4.050589e+01
3.905634312293672e-06	4.050589e+01
3.905815067219551e-06	4.050590e+01
3.906547009083327e-06	4.050592e+01
3.907389534315801e-06	4.050594e+01
3.909074584780747e-06	4.050599e+01
3.912444685710639e-06	4.050608e+01
3.916700791995969e-06	4.050620e+01
3.920857416438292e-06	4.050632e+01
3.924753916895611e-06	4.050643e+01
3.927223673635272e-06	4.050650e+01
3.929503210807929e-06	4.050657e+01
3.931178508950560e-06	4.050661e+01
3.933075071627821e-06	4.050667e+01
3.935202293808822e-06	4.050673e+01
3.936760361114430e-06	4.050678e+01
3.937730147326805e-06	4.050681e+01
3.938442672004137e-06	4.050683e+01
3.938931132384513e-06	4.050685e+01
3.939370944510482e-06	4.050686e+01
3.939840365557750e-06	4.050688e+01
3.940501915877869e-06	4.050690e+01
3.941591764990591e-06	4.050693e+01
3.942713337432787e-06	4.050697e+01
3.943795371866286e-06	4.050700e+01
3.944792441200949e-06	4.050704e+01
3.945822315086956e-06	4.050707e+01
3.946844583595055e-06	4.050711e+01
3.947891189141624e-06	4.050714e+01
3.948917951841742e-06	4.050718e+01
3.949956486252422e-06	4.050722e+01
3.950983252507322e-06	4.050726e+01
3.952020606067686e-06	4.050730e+01
3.953049839223351e-06	4.050735e+01
3.954085959594846e-06	4.050739e+01
3.955116099640720e-06	4.050744e+01
3.956151170218034e-06	4.050750e+01
3.957182122134989e-06	4.050755e+01
3.958216564560435e-06	4.050761e+01
3.959248079626924e-06	4.050768e+01
3.959717186145970e-06	4.050770e+01
3.959879261747226e-06	4.050771e+01
3.960055666298715e-06	4.050772e+01
3.960295312166776e-06	4.050774e+01
3.960518741384313e-06	4.050776e+01
3.960807723042671e-06	4.050777e+01
3.961239709668068e-06	4.050780e+01
3.961865881701050e-06	4.050785e+01
3.962856913700738e-06	4.050792e+01
3.963915626129781e-06	4.050799e+01
3.965036602703816e-06	4.050807e+01
3.965746659908688e-06	4.050813e+01
3.966303676617075e-06	4.050817e+01
3.966529661793807e-06	4.050819e+01
3.966725396255802e-06	4.050820e+01
3.966855136433293e-06	4.050821e+01
3.966976926292167e-06	4.050822e+01
3.967220506009917e-06	4.050824e+01
3.967681608334057e-06	4.050828e+01
3.968348462286559e-06	4.050834e+01
3.969562933724381e-06	4.050846e+01
3.970956699735088e-06	4.050859e+01
3.972983765744895e-06	4.050879e+01
3.975297380163128e-06	4.050901e+01
3.978188263511592e-06	4.050927e+01
3.980913675862944e-06	4.050949e+01
3.983458085930122e-06	4.050966e+01
3.983792989985303e-06	4.050968e+01
3.984175737476939e-06	4.050970e+01
3.984941232460211e-06	4.050974e+01
3.986000000000000e-06	4.050979e+01
3.986142857142857e-06	4.050980e+01
3.986285714285713e-06	4.050980e+01
3.986428571428571e-06	4.050981e+01
3.986571428571428e-06	4.050981e+01
3.986714285714285e-06	4.050982e+01
3.986857142857142e-06	4.050983e+01
3.986999999999999e-06	4.050983e+01
3.987070543993082e-06	4.050984e+01
3.987141087986167e-06	4.050984e+01
3.987211631979250e-06	4.050984e+01
3.987282175972333e-06	4.050985e+01
3.987352719965416e-06	4.050985e+01
3.987423263958500e-06	4.050985e+01
3.987493807951584e-06	4.050985e+01
3.988003545191928e-06	4.050987e+01
3.989023019672618e-06	4.050991e+01
3.990254646238087e-06	4.050995e+01
3.991670573813127e-06	4.050999e+01
3.993085293420939e-06	4.051004e+01
3.993955386651876e-06	4.051007e+01
3.994402801532966e-06	4.051009e+01
3.994589627335986e-06	4.051009e+01
3.994744375608756e-06	4.051010e+01
3.994831534152992e-06	4.051011e+01
3.994883463601560e-06	4.051011e+01
3.994944646377102e-06	4.051011e+01
3.994988801144378e-06	4.051012e+01
3.995048498403980e-06	4.051012e+01
3.995110148779474e-06	4.051012e+01
3.995188591260049e-06	4.051013e+01
3.995292991491788e-06	4.051013e+01
3.995418028127325e-06	4.051014e+01
3.995590452318967e-06	4.051015e+01
3.995789922940584e-06	4.051016e+01
3.996188864183819e-06	4.051018e+01
3.996616457235080e-06	4.051020e+01
3.997233762224756e-06	4.051023e+01
3.998097945940951e-06	4.051028e+01
3.999274689864395e-06	4.051035e+01
4.001062229592613e-06	4.051045e+01
4.001399595497345e-06	4.051047e+01
4.002074327306810e-06	4.051051e+01
4.002243010259176e-06	4.051052e+01
4.002580376163910e-06	4.051054e+01
4.003255107973375e-06	4.051059e+01
4.003423790925741e-06	4.051060e+01
4.003465961663833e-06	4.051060e+01
4.003550303140015e-06	4.051060e+01
4.003718986092382e-06	4.051062e+01
4.004056351997115e-06	4.051064e+01
4.004396870742573e-06	4.051066e+01
4.004939677948377e-06	4.051070e+01
4.005375951553629e-06	4.051072e+01
4.005808617753741e-06	4.051075e+01
4.006117450652436e-06	4.051077e+01
4.006432876549659e-06	4.051079e+01
4.006794472702402e-06	4.051082e+01
4.007517665007889e-06	4.051086e+01
4.008586156296712e-06	4.051094e+01
4.009824696436584e-06	4.051102e+01
4.011066087407224e-06	4.051110e+01
4.012359198027687e-06	4.051118e+01
4.013429008217264e-06	4.051126e+01
4.014040245598638e-06	4.051130e+01
4.014344434357598e-06	4.051132e+01
4.014507896963228e-06	4.051133e+01
4.014665418392335e-06	4.051134e+01
4.015009929306542e-06	4.051136e+01
4.015345379850844e-06	4.051139e+01
4.015806960222808e-06	4.051142e+01
4.016334873463018e-06	4.051145e+01
4.017133361109400e-06	4.051151e+01
4.017895974208418e-06	4.051155e+01
4.018461082804132e-06	4.051159e+01
4.019141200152888e-06	4.051164e+01
4.020225789044831e-06	4.051171e+01
4.021585755708880e-06	4.051180e+01
4.023845839840670e-06	4.051194e+01
4.026051628896874e-06	4.051208e+01
4.027138201574766e-06	4.051215e+01
4.027823147437364e-06	4.051220e+01
4.028216788471709e-06	4.051222e+01
4.028708951965865e-06	4.051225e+01
4.029693278954179e-06	4.051231e+01
4.030664239565185e-06	4.051237e+01
4.031890578249044e-06	4.051245e+01
4.033704424424511e-06	4.051256e+01
4.035621744494201e-06	4.051267e+01
4.038161329078017e-06	4.051282e+01
4.041124919083904e-06	4.051299e+01
4.044608089942603e-06	4.051318e+01
4.047905148042897e-06	4.051337e+01
4.051067078754774e-06	4.051353e+01
4.054000144772022e-06	4.051369e+01
4.056858831400678e-06	4.051383e+01
4.059520177978201e-06	4.051396e+01
4.062038240872286e-06	4.051408e+01
4.064374581163486e-06	4.051419e+01
4.066715402797630e-06	4.051431e+01
4.069283891439311e-06	4.051442e+01
4.072618545477405e-06	4.051457e+01
4.076838338013710e-06	4.051475e+01
4.082693924424740e-06	4.051499e+01
4.090662547949201e-06	4.051529e+01
4.102865248590797e-06	4.051571e+01
4.122709583846438e-06	4.051627e+01
4.162398254357718e-06	4.051709e+01
4.202398254357718e-06	4.051760e+01
4.242398254357718e-06	4.051781e+01
4.282398254357719e-06	4.051778e+01
4.322398254357718e-06	4.051757e+01
4.362398254357718e-06	4.051721e+01
4.402398254357718e-06	4.051675e+01
4.442398254357719e-06	4.051622e+01
4.482398254357718e-06	4.051564e+01
4.522398254357718e-06	4.051502e+01
4.562398254357718e-06	4.051439e+01
4.602398254357719e-06	4.051376e+01
4.642398254357719e-06	4.051314e+01
4.682398254357718e-06	4.051254e+01
4.722398254357719e-06	4.051198e+01
4.762398254357719e-06	4.051147e+01
4.802398254357719e-06	4.051101e+01
4.842398254357718e-06	4.051061e+01
4.882398254357719e-06	4.051030e+01
4.922398254357719e-06	4.051007e+01
4.962398254357719e-06	4.050995e+01
5.002398254357719e-06	4.050993e+01
5.042398254357719e-06	4.051002e+01
5.082398254357719e-06	4.051023e+01
5.122398254357719e-06	4.051057e+01
5.162398254357719e-06	4.051105e+01
5.202398254357719e-06	4.051165e+01
5.242398254357720e-06	4.051238e+01
5.276000000000000e-06	4.051307e+01
5.277000000000000e-06	4.051310e+01
5.283000000000000e-06	4.051323e+01
5.299999999999998e-06	4.051364e+01
5.314999999999999e-06	4.051402e+01
5.316000000000000e-06	4.051405e+01
5.316599999999999e-06	4.051406e+01
5.317000000000000e-06	4.051407e+01
5.317600000000000e-06	4.051409e+01
5.318240000000000e-06	4.051410e+01
5.319520000000000e-06	4.051414e+01
5.322080000000000e-06	4.051420e+01
5.331824931003430e-06	4.051447e+01
5.332922341564192e-06	4.051450e+01
5.333196694204384e-06	4.051450e+01
5.333265282364431e-06	4.051450e+01
5.333282429404443e-06	4.051450e+01
5.333316723484466e-06	4.051450e+01
5.333325297004473e-06	4.051450e+01
5.333327440384475e-06	4.051450e+01
5.333331727144477e-06	4.051450e+01
5.333340300664483e-06	4.051451e+01
5.333342444044485e-06	4.051451e+01
5.333346730804488e-06	4.051451e+01
5.333355304324493e-06	4.051451e+01
5.333372451364505e-06	4.051451e+01
5.333406745444530e-06	4.051451e+01
5.333459741838255e-06	4.051451e+01
5.333543936806532e-06	4.051451e+01
5.333634315785217e-06	4.051451e+01
5.333815073742586e-06	4.051452e+01
5.334547662875787e-06	4.051454e+01
5.335391507869063e-06	4.051456e+01
5.337079197855613e-06	4.051461e+01
5.340454577828716e-06	4.051470e+01
5.344712065130852e-06	4.051482e+01
5.348867981667586e-06	4.051494e+01
5.352757983590791e-06	4.051505e+01
5.355226383411933e-06	4.051512e+01
5.357499229958619e-06	4.051519e+01
5.359169828157754e-06	4.051524e+01
5.361064611710669e-06	4.051529e+01
5.363195577404302e-06	4.051535e+01
5.364753412693013e-06	4.051540e+01
5.365723518575239e-06	4.051543e+01
5.366436473157658e-06	4.051545e+01
5.366924853351468e-06	4.051547e+01
5.367364999651774e-06	4.051548e+01
5.367834663164969e-06	4.051550e+01
5.368495563064514e-06	4.051552e+01
5.369584270689056e-06	4.051555e+01
5.370706309242678e-06	4.051559e+01
5.371788252134612e-06	4.051562e+01
5.372785623611094e-06	4.051566e+01
5.373815233397683e-06	4.051569e+01
5.374837654039504e-06	4.051573e+01
5.375884105885400e-06	4.051576e+01
5.376911005921682e-06	4.051580e+01
5.377949433881480e-06	4.051584e+01
5.378976289130504e-06	4.051588e+01
5.380013564500628e-06	4.051592e+01
5.381042861674159e-06	4.051596e+01
5.382078928294000e-06	4.051601e+01
5.383109113662080e-06	4.051606e+01
5.384144146050512e-06	4.051611e+01
5.385175129800895e-06	4.051617e+01
5.386209545352093e-06	4.051623e+01
5.387241082934324e-06	4.051629e+01
5.387703907518396e-06	4.051632e+01
5.387957708006091e-06	4.051634e+01
5.388218897633042e-06	4.051636e+01
5.388387050863907e-06	4.051637e+01
5.388550653273221e-06	4.051638e+01
5.388799248149514e-06	4.051640e+01
5.389296437902098e-06	4.051643e+01
5.389993872927231e-06	4.051648e+01
5.391104903519050e-06	4.051655e+01
5.392212206011156e-06	4.051663e+01
5.393356379714646e-06	4.051672e+01
5.394026509194364e-06	4.051677e+01
5.394477080467257e-06	4.051680e+01
5.394653513868371e-06	4.051682e+01
5.394752970312679e-06	4.051682e+01
5.394848909529788e-06	4.051683e+01
5.395040787964008e-06	4.051685e+01
5.395323633037316e-06	4.051687e+01
5.395889323183934e-06	4.051692e+01
5.396792530545761e-06	4.051701e+01
5.398052751362233e-06	4.051712e+01
5.399684982237664e-06	4.051728e+01
5.401790391368808e-06	4.051749e+01
5.404283466195743e-06	4.051773e+01
5.407084636117333e-06	4.051797e+01
5.409115097938671e-06	4.051812e+01
5.411560899817980e-06	4.051829e+01
5.412354553613136e-06	4.051833e+01
5.413412692409688e-06	4.051839e+01
5.413999999999999e-06	4.051841e+01
5.415000000000000e-06	4.051846e+01
5.415142857142857e-06	4.051846e+01
5.415285714285714e-06	4.051847e+01
5.415428571428572e-06	4.051848e+01
5.415571428571428e-06	4.051848e+01
5.415714285714286e-06	4.051849e+01
5.415857142857143e-06	4.051849e+01
5.416000000000000e-06	4.051850e+01
5.416069696189032e-06	4.051850e+01
5.416139392378063e-06	4.051850e+01
5.416209088567095e-06	4.051850e+01
5.416278784756127e-06	4.051851e+01
5.416348480945159e-06	4.051851e+01
5.416418177134190e-06	4.051851e+01
5.416487873323222e-06	4.051851e+01
5.416991484495579e-06	4.051853e+01
5.417998706840296e-06	4.051857e+01
5.419470740805269e-06	4.051861e+01
5.421125024766501e-06	4.051866e+01
5.421930090364966e-06	4.051869e+01
5.422383943660285e-06	4.051871e+01
5.422566106945949e-06	4.051872e+01
5.422722637148479e-06	4.051873e+01
5.422810050072387e-06	4.051873e+01
5.422862481048320e-06	4.051873e+01
5.422924120099781e-06	4.051873e+01
5.422968643941497e-06	4.051874e+01
5.423028656966994e-06	4.051874e+01
5.423090647361625e-06	4.051875e+01
5.423169256547046e-06	4.051875e+01
5.423276212001183e-06	4.051875e+01
5.423399056093910e-06	4.051876e+01
5.423579210677757e-06	4.051877e+01
5.423775653167163e-06	4.051878e+01
5.424168538145976e-06	4.051880e+01
5.424616977950274e-06	4.051883e+01
5.425229079220613e-06	4.051886e+01
5.426111558058735e-06	4.051891e+01
5.427288400518847e-06	4.051897e+01
5.429044945384926e-06	4.051907e+01
5.429372553136143e-06	4.051910e+01
5.430027768638574e-06	4.051913e+01
5.431338199643435e-06	4.051921e+01
5.431642053515297e-06	4.051923e+01
5.432249761259019e-06	4.051927e+01
5.432268752126010e-06	4.051928e+01
5.432306733859993e-06	4.051928e+01
5.432382697327958e-06	4.051928e+01
5.432534624263889e-06	4.051929e+01
5.432838478135751e-06	4.051931e+01
5.433268542854417e-06	4.051934e+01
5.433834506868947e-06	4.051938e+01
5.434206927157344e-06	4.051940e+01
5.434556879795695e-06	4.051942e+01
5.434887405118605e-06	4.051945e+01
5.435182497832807e-06	4.051947e+01
5.435501310217353e-06	4.051949e+01
5.435987001813453e-06	4.051952e+01
5.436869102861119e-06	4.051958e+01
5.437885780248913e-06	4.051965e+01
5.439218782384785e-06	4.051974e+01
5.440319742667099e-06	4.051981e+01
5.441255800788244e-06	4.051988e+01
5.442204982164385e-06	4.051994e+01
5.442725203303716e-06	4.051998e+01
5.443020378036525e-06	4.052000e+01
5.443167711495918e-06	4.052001e+01
5.443246080440742e-06	4.052002e+01
5.443320162867655e-06	4.052002e+01
5.443459263643749e-06	4.052003e+01
5.443528537137442e-06	4.052003e+01
5.443831440376177e-06	4.052005e+01
5.444213616807325e-06	4.052008e+01
5.444695233574039e-06	4.052011e+01
5.445204725383521e-06	4.052015e+01
5.445962773938183e-06	4.052020e+01
5.446692982296301e-06	4.052025e+01
5.447286257750220e-06	4.052029e+01
5.447927112401649e-06	4.052033e+01
5.448859805234725e-06	4.052039e+01
5.450045833485444e-06	4.052047e+01
5.451841127313783e-06	4.052059e+01
5.454234971640292e-06	4.052075e+01
5.455436455410022e-06	4.052083e+01
5.456047831258478e-06	4.052087e+01
5.456658247460078e-06	4.052090e+01
5.457137559475005e-06	4.052094e+01
5.457692054579894e-06	4.052097e+01
5.458547166517936e-06	4.052103e+01
5.459519976825713e-06	4.052109e+01
5.461108826306169e-06	4.052119e+01
5.462549719178484e-06	4.052127e+01
5.464398528686581e-06	4.052139e+01
5.466664988237649e-06	4.052152e+01
5.469165243036864e-06	4.052167e+01
5.472155979265461e-06	4.052184e+01
5.475177521995529e-06	4.052201e+01
5.477983371645503e-06	4.052217e+01
5.480603143858403e-06	4.052231e+01
5.482987771250489e-06	4.052243e+01
5.485010511494777e-06	4.052254e+01
5.486891241630043e-06	4.052263e+01
5.488775816033104e-06	4.052273e+01
5.490526979054492e-06	4.052282e+01
5.492838939310322e-06	4.052293e+01
5.495209859509770e-06	4.052304e+01
5.498082748883543e-06	4.052317e+01
5.500826608688877e-06	4.052330e+01
5.503674498216308e-06	4.052343e+01
5.507169382070640e-06	4.052357e+01
5.513113397873807e-06	4.052382e+01
5.521597440608795e-06	4.052414e+01
5.535930071390938e-06	4.052463e+01
5.558201883456532e-06	4.052524e+01
5.598201883456532e-06	4.052602e+01
5.638201883456532e-06	4.052649e+01
5.678201883456532e-06	4.052665e+01
5.718201883456532e-06	4.052658e+01
5.758201883456532e-06	4.052633e+01
5.798201883456532e-06	4.052594e+01
5.838201883456532e-06	4.052545e+01
5.878201883456532e-06	4.052489e+01
5.918201883456533e-06	4.052429e+01
5.958201883456532e-06	4.052366e+01
5.998201883456532e-06	4.052302e+01
6.038201883456532e-06	4.052238e+01
6.078201883456533e-06	4.052175e+01
6.118201883456532e-06	4.052115e+01
6.158201883456532e-06	4.052059e+01
6.198201883456533e-06	4.052008e+01
6.238201883456533e-06	4.051962e+01
6.278201883456533e-06	4.051924e+01
6.318201883456532e-06	4.051894e+01
6.358201883456533e-06	4.051873e+01
6.398201883456533e-06	4.051862e+01
6.438201883456533e-06	4.051862e+01
6.478201883456532e-06	4.051874e+01
6.518201883456533e-06	4.051898e+01
6.558201883456533e-06	4.051935e+01
6.598201883456533e-06	4.051984e+01
6.638201883456533e-06	4.052047e+01
6.678201883456533e-06	4.052122e+01
6.704999999999999e-06	4.052178e+01
6.708000000000000e-06	4.052185e+01
6.712000000000000e-06	4.052194e+01
6.728999999999999e-06	4.052235e+01
6.745000000000000e-06	4.052275e+01
6.745999999999999e-06	4.052278e+01
6.746600000000000e-06	4.052280e+01
6.747240000000000e-06	4.052282e+01
6.748520000000000e-06	4.052285e+01
6.751080000000001e-06	4.052291e+01
6.760824931003430e-06	4.052317e+01
6.761922341564193e-06	4.052320e+01
6.762196694204383e-06	4.052321e+01
6.762265282364431e-06	4.052322e+01
6.762282429404443e-06	4.052322e+01
6.762316723484468e-06	4.052322e+01
6.762325297004473e-06	4.052322e+01
6.762327440384474e-06	4.052322e+01
6.762331727144478e-06	4.052322e+01
6.762340300664483e-06	4.052322e+01
6.762342444044485e-06	4.052322e+01
6.762346730804488e-06	4.052322e+01
6.762355304324494e-06	4.052322e+01
6.762372451364506e-06	4.052322e+01
6.762406745444530e-06	4.052322e+01
6.762459740707091e-06	4.052322e+01
6.762543933810645e-06	4.052322e+01
6.762634310838462e-06	4.052322e+01
6.762815064894099e-06	4.052323e+01
6.763547571743183e-06	4.052325e+01
6.764391257714465e-06	4.052327e+01
6.766078629657030e-06	4.052332e+01
6.769453373542156e-06	4.052341e+01
6.773710694582275e-06	4.052353e+01
6.777866696425615e-06	4.052365e+01
6.781757464027722e-06	4.052376e+01
6.784226062591731e-06	4.052383e+01
6.786499469488032e-06	4.052390e+01
6.788170478284489e-06	4.052395e+01
6.790065422497948e-06	4.052400e+01
6.792196086197781e-06	4.052407e+01
6.793753640364829e-06	4.052412e+01
6.794723572864314e-06	4.052414e+01
6.795436545585095e-06	4.052417e+01
6.795924857299757e-06	4.052418e+01
6.796365090662562e-06	4.052420e+01
6.796834811904869e-06	4.052421e+01
6.797495460905638e-06	4.052423e+01
6.798584936133686e-06	4.052427e+01
6.799706535548225e-06	4.052430e+01
6.800788781835467e-06	4.052434e+01
6.801785841946257e-06	4.052437e+01
6.802815715131958e-06	4.052441e+01
6.803837934690537e-06	4.052444e+01
6.804884567066795e-06	4.052448e+01
6.805911316462948e-06	4.052451e+01
6.806949869540191e-06	4.052456e+01
6.807976620354065e-06	4.052459e+01
6.809013984969852e-06	4.052464e+01
6.810043208186394e-06	4.052468e+01
6.811079337276961e-06	4.052473e+01
6.812109470361465e-06	4.052478e+01
6.813144546836246e-06	4.052483e+01
6.814175493739397e-06	4.052488e+01
6.815209940354673e-06	4.052494e+01
6.816241451924395e-06	4.052501e+01
6.816703833430061e-06	4.052504e+01
6.816959040193745e-06	4.052505e+01
6.817222450137841e-06	4.052507e+01
6.817386183975221e-06	4.052508e+01
6.817545438124219e-06	4.052509e+01
6.817792966524287e-06	4.052511e+01
6.818288023324423e-06	4.052514e+01
6.818997113830871e-06	4.052519e+01
6.820104556608259e-06	4.052527e+01
6.821215243858976e-06	4.052535e+01
6.822354219478282e-06	4.052543e+01
6.823023351360689e-06	4.052548e+01
6.823458439447812e-06	4.052552e+01
6.823615732385164e-06	4.052553e+01
6.823704576891626e-06	4.052554e+01
6.823789816716197e-06	4.052554e+01
6.823960296365337e-06	4.052555e+01
6.824251587651202e-06	4.052558e+01
6.824834170222930e-06	4.052563e+01
6.825740585216070e-06	4.052571e+01
6.826990669486315e-06	4.052583e+01
6.828609584042769e-06	4.052599e+01
6.830704087405369e-06	4.052620e+01
6.833192513658908e-06	4.052644e+01
6.835992367724375e-06	4.052668e+01
6.838055969557632e-06	4.052683e+01
6.840514758215469e-06	4.052700e+01
6.841514758215470e-06	4.052705e+01
6.842029516430941e-06	4.052708e+01
6.842206615016589e-06	4.052709e+01
6.842442746464121e-06	4.052710e+01
6.842527737104936e-06	4.052711e+01
6.843000000000000e-06	4.052713e+01
6.843142857142857e-06	4.052713e+01
6.843285714285714e-06	4.052714e+01
6.843428571428572e-06	4.052715e+01
6.843571428571428e-06	4.052715e+01
6.843714285714285e-06	4.052716e+01
6.843857142857143e-06	4.052717e+01
6.844000000000000e-06	4.052717e+01
6.844068604196158e-06	4.052717e+01
6.844137208392316e-06	4.052718e+01
6.844205812588474e-06	4.052718e+01
6.844274416784632e-06	4.052718e+01
6.844343020980790e-06	4.052718e+01
6.844411625176948e-06	4.052719e+01
6.844480229373106e-06	4.052719e+01
6.844964240079859e-06	4.052721e+01
6.845932261493364e-06	4.052724e+01
6.847116559396181e-06	4.052728e+01
6.848509167014318e-06	4.052732e+01
6.849825533779211e-06	4.052737e+01
6.850827601540334e-06	4.052740e+01
6.851306418453647e-06	4.052742e+01
6.851510263381543e-06	4.052743e+01
6.851678315037327e-06	4.052744e+01
6.851782080676866e-06	4.052745e+01
6.851842381969769e-06	4.052745e+01
6.851911763347669e-06	4.052745e+01
6.851972066845927e-06	4.052745e+01
6.852037168348716e-06	4.052746e+01
6.852112911237121e-06	4.052746e+01
6.852196552954581e-06	4.052747e+01
6.852311686378164e-06	4.052747e+01
6.852434172368384e-06	4.052748e+01
6.852679144348824e-06	4.052749e+01
6.852931583894572e-06	4.052750e+01
6.853277791096010e-06	4.052752e+01
6.853873256624299e-06	4.052756e+01
6.854949643719658e-06	4.052761e+01
6.857102417910374e-06	4.052774e+01
6.857519126613329e-06	4.052776e+01
6.858352544019240e-06	4.052781e+01
6.858560898370718e-06	4.052782e+01
6.858977607073672e-06	4.052785e+01
6.859811024479583e-06	4.052790e+01
6.860071467418929e-06	4.052792e+01
6.860175644594669e-06	4.052792e+01
6.860201688888603e-06	4.052792e+01
6.860253777476473e-06	4.052793e+01
6.860357954652211e-06	4.052794e+01
6.860566309003689e-06	4.052795e+01
6.860983017706644e-06	4.052797e+01
6.861515579220387e-06	4.052801e+01
6.862128034586134e-06	4.052805e+01
6.862561223066457e-06	4.052808e+01
6.862999053972879e-06	4.052811e+01
6.863289640937846e-06	4.052813e+01
6.863589677611904e-06	4.052814e+01
6.864048597614967e-06	4.052818e+01
6.864966437621094e-06	4.052824e+01
6.866040428716061e-06	4.052831e+01
6.867291691315326e-06	4.052839e+01
6.868584286930051e-06	4.052848e+01
6.869742520077186e-06	4.052855e+01
6.870761229649173e-06	4.052862e+01
6.871217622907310e-06	4.052865e+01
6.871468290427136e-06	4.052867e+01
6.871621539284925e-06	4.052868e+01
6.871772670756086e-06	4.052869e+01
6.871999158032360e-06	4.052870e+01
6.872223265954264e-06	4.052872e+01
6.872671481798072e-06	4.052875e+01
6.873140518337939e-06	4.052878e+01
6.873875215881136e-06	4.052883e+01
6.874439674986053e-06	4.052887e+01
6.875016991095324e-06	4.052890e+01
6.875622689931950e-06	4.052894e+01
6.876250739286794e-06	4.052898e+01
6.877413186096960e-06	4.052906e+01
6.878780201536536e-06	4.052915e+01
6.881458885975487e-06	4.052932e+01
6.883172611187369e-06	4.052943e+01
6.884184226820648e-06	4.052950e+01
6.885101353629514e-06	4.052955e+01
6.885509830125587e-06	4.052958e+01
6.886061302381929e-06	4.052961e+01
6.887164246894614e-06	4.052968e+01
6.888204176473788e-06	4.052975e+01
6.889519241002276e-06	4.052983e+01
6.891389321524171e-06	4.052994e+01
6.893443780953913e-06	4.053006e+01
6.895796295285437e-06	4.053020e+01
6.898481509560593e-06	4.053035e+01
6.901590625951317e-06	4.053052e+01
6.904712510751277e-06	4.053069e+01
6.907673161742103e-06	4.053085e+01
6.910802769547400e-06	4.053101e+01
6.913649945133794e-06	4.053116e+01
6.916418139193283e-06	4.053130e+01
6.918939875479194e-06	4.053142e+01
6.921414403920859e-06	4.053154e+01
6.923874301160967e-06	4.053165e+01
6.926699774350961e-06	4.053178e+01
6.930278348303525e-06	4.053194e+01
6.934898672764439e-06	4.053213e+01
6.941251355116686e-06	4.053239e+01
6.950074152724117e-06	4.053272e+01
6.963787603071094e-06	4.053317e+01
6.987251468586667e-06	4.053380e+01
7.027251468586667e-06	4.053456e+01
7.067251468586668e-06	4.053502e+01
7.107251468586668e-06	4.053518e+01
7.147251468586668e-06	4.053511e+01
7.187251468586667e-06	4.053487e+01
7.227251468586668e-06	4.053452e+01
7.236217522869458e-06	4.053442e+01
7.245183577152248e-06	4.053432e+01
7.254149631435039e-06	4.053421e+01
7.263115685717828e-06	4.053410e+01
7.272081740000619e-06	4.053399e+01
7.281047794283409e-06	4.053387e+01
7.290013848566199e-06	4.053374e+01
7.292742604466374e-06	4.053371e+01
7.298200116266725e-06	4.053363e+01
7.304168370461373e-06	4.053353e+01
7.310067578891132e-06	4.053340e+01
7.314523790237317e-06	4.053325e+01
7.318334004173593e-06	4.053302e+01
7.321808229831274e-06	4.053261e+01
7.325459647854573e-06	4.053187e+01
7.327469210506807e-06	4.053135e+01
7.328168191084844e-06	4.053121e+01
7.328177075624773e-06	4.053121e+01
7.328194844704629e-06	4.053121e+01
7.328225156684176e-06	4.053121e+01
7.328257528510410e-06	4.053120e+01
7.328305658353467e-06	4.053120e+01
7.328398815267757e-06	4.053119e+01
7.328548882374889e-06	4.053118e+01
7.328849016589155e-06	4.053115e+01
7.329449285017685e-06	4.053111e+01
7.330649821874745e-06	4.053101e+01
7.331504052440294e-06	4.053094e+01
7.332196665023315e-06	4.053088e+01
7.332519900988373e-06	4.053086e+01
7.333166372918488e-06	4.053080e+01
7.333905126154415e-06	4.053075e+01
7.335382632626272e-06	4.053063e+01
7.338337645569984e-06	4.053039e+01
7.341338061302001e-06	4.053015e+01
7.344683405894446e-06	4.052988e+01
7.347827416073451e-06	4.052962e+01
7.349872204345886e-06	4.052946e+01
7.352638723123945e-06	4.052924e+01
7.357475109726647e-06	4.052885e+01
7.362645657460943e-06	4.052843e+01
7.367602221125507e-06	4.052803e+01
7.372158563693162e-06	4.052766e+01
7.376825452629765e-06	4.052728e+01
7.381485090951660e-06	4.052690e+01
7.386244652350885e-06	4.052652e+01
7.390928822767149e-06	4.052614e+01
7.395652710436592e-06	4.052575e+01
7.400332577346637e-06	4.052537e+01
7.405052272084716e-06	4.052499e+01
7.409742510409096e-06	4.052461e+01
7.414458070379825e-06	4.052422e+01
7.419151436540283e-06	4.052384e+01
7.424765502328744e-06	4.052338e+01
7.431297711679444e-06	4.052285e+01
7.439400918527170e-06	4.052219e+01
7.449180213965813e-06	4.052140e+01
7.462076840754118e-06	4.052035e+01
7.479445280468785e-06	4.051894e+01
7.506054960151590e-06	4.051678e+01
7.546054960151590e-06	4.051357e+01
7.586054960151589e-06	4.051038e+01
7.626054960151590e-06	4.050723e+01
7.666054960151590e-06	4.050414e+01
7.706054960151590e-06	4.050111e+01
7.746054960151590e-06	4.049816e+01
7.786054960151589e-06	4.049529e+01
7.826054960151591e-06	4.049253e+01
7.866054960151590e-06	4.048986e+01
7.906054960151590e-06	4.048731e+01
7.946054960151591e-06	4.048487e+01
7.986054960151591e-06	4.048253e+01
7.986641609575654e-06	4.048250e+01
7.987814908423781e-06	4.048243e+01
7.999328751350626e-06	4.048179e+01
8.010842594277473e-06	4.048116e+01
8.022356437204319e-06	4.048055e+01
8.033870280131164e-06	4.047994e+01
8.045384123058009e-06	4.047934e+01
8.056897965984856e-06	4.047875e+01
8.068411808911702e-06	4.047817e+01
8.071411808911701e-06	4.047802e+01
8.072011808911701e-06	4.047800e+01
8.073211808911702e-06	4.047794e+01
8.076811808911701e-06	4.047776e+01
8.081611808911698e-06	4.047753e+01
8.091211808911696e-06	4.047707e+01
8.101211808911697e-06	4.047659e+01
8.111211808911695e-06	4.047613e+01
8.121211808911697e-06	4.047567e+01
8.131211808911695e-06	4.047523e+01
8.135540643214858e-06	4.047519e+01
8.137989961200678e-06	4.047548e+01
8.139408344776031e-06	4.047582e+01
8.140129885356751e-06	4.047597e+01
8.140885694050284e-06	4.047607e+01
8.141684300840529e-06	4.047615e+01
8.143281514421019e-06	4.047628e+01
8.145267453593241e-06	4.047641e+01
8.147826573608226e-06	4.047653e+01
8.151084639728186e-06	4.047664e+01
8.155527142233793e-06	4.047677e+01
8.162024045878457e-06	4.047694e+01
8.162569303328223e-06	4.047695e+01
8.163659818227758e-06	4.047697e+01
8.165840848026824e-06	4.047703e+01
8.168637940401865e-06	4.047709e+01
8.169637940401865e-06	4.047712e+01
8.171000000000000e-06	4.047715e+01
8.171999999999999e-06	4.047718e+01
8.173000000000000e-06	4.047720e+01
8.173100000000000e-06	4.047720e+01
8.173300000000000e-06	4.047721e+01
8.173599999999999e-06	4.047721e+01
8.174000000000000e-06	4.047722e+01
8.174039999999999e-06	4.047722e+01
8.174120000000000e-06	4.047723e+01
8.174279999999999e-06	4.047723e+01
8.174600000000000e-06	4.047724e+01
8.175240000000000e-06	4.047725e+01
8.176520000000000e-06	4.047728e+01
8.179080000000000e-06	4.047735e+01
8.183506706178284e-06	4.047746e+01
8.188276225723049e-06	4.047758e+01
8.188824931003431e-06	4.047759e+01
8.189922341564194e-06	4.047762e+01
8.190196694204384e-06	4.047762e+01
8.190265282364431e-06	4.047763e+01
8.190282429404443e-06	4.047763e+01
8.190316723484466e-06	4.047763e+01
8.190325297004473e-06	4.047763e+01
8.190327440384475e-06	4.047763e+01
8.190331727144478e-06	4.047763e+01
8.190340300664483e-06	4.047763e+01
8.190342444044485e-06	4.047763e+01
8.190346730804488e-06	4.047763e+01
8.190355304324493e-06	4.047763e+01
8.190372451364507e-06	4.047763e+01
8.190406745444530e-06	4.047763e+01
8.190459741338033e-06	4.047763e+01
8.190543935910417e-06	4.047763e+01
8.190634314410755e-06	4.047763e+01
8.190815071411429e-06	4.047764e+01
8.191547907784227e-06	4.047766e+01
8.192392262433304e-06	4.047768e+01
8.194080971731456e-06	4.047773e+01
8.197458390327760e-06	4.047781e+01
8.201716410229325e-06	4.047792e+01
8.205872053346857e-06	4.047803e+01
8.209759538578024e-06	4.047814e+01
8.212227436400468e-06	4.047820e+01
8.214497560339046e-06	4.047826e+01
8.216166261504629e-06	4.047831e+01
8.218060332605899e-06	4.047836e+01
8.220192878028269e-06	4.047842e+01
8.221750322107856e-06	4.047847e+01
8.222720420660854e-06	4.047850e+01
8.223433613875911e-06	4.047852e+01
8.223921896642644e-06	4.047853e+01
8.224362296656562e-06	4.047855e+01
8.224832142329467e-06	4.047856e+01
8.225492487184484e-06	4.047858e+01
8.226581479189195e-06	4.047861e+01
8.227703267448424e-06	4.047865e+01
8.228785486662072e-06	4.047868e+01
8.229782669430866e-06	4.047871e+01
8.230812435525626e-06	4.047874e+01
8.231834714430757e-06	4.047878e+01
8.232881285615708e-06	4.047881e+01
8.233908090121174e-06	4.047885e+01
8.234946600891418e-06	4.047888e+01
8.235973387102346e-06	4.047892e+01
8.237010720500502e-06	4.047896e+01
8.238039969227241e-06	4.047900e+01
8.239076076912243e-06	4.047905e+01
8.240106228063652e-06	4.047910e+01
8.241141289317022e-06	4.047915e+01
8.242172248903566e-06	4.047920e+01
8.243206684808803e-06	4.047926e+01
8.244238205351903e-06	4.047932e+01
8.244698633367897e-06	4.047935e+01
8.244965442161528e-06	4.047937e+01
8.245228295216656e-06	4.047938e+01
8.245380005451766e-06	4.047939e+01
8.245542988375525e-06	4.047940e+01
8.245805303954400e-06	4.047942e+01
8.246329935112148e-06	4.047945e+01
8.247244153654640e-06	4.047952e+01
8.248420623214861e-06	4.047960e+01
8.249504330847390e-06	4.047967e+01
8.250689521673090e-06	4.047976e+01
8.251351124993355e-06	4.047981e+01
8.251608226350086e-06	4.047983e+01
8.251782086947719e-06	4.047984e+01
8.251952845803691e-06	4.047985e+01
8.252193197833614e-06	4.047987e+01
8.252640538842810e-06	4.047991e+01
8.253535220861204e-06	4.047999e+01
8.254634228310628e-06	4.048009e+01
8.256244780883558e-06	4.048025e+01
8.258136992970569e-06	4.048043e+01
8.260656208089293e-06	4.048067e+01
8.263441199567059e-06	4.048092e+01
8.265806561116532e-06	4.048109e+01
8.268387406678541e-06	4.048126e+01
8.269522356080462e-06	4.048133e+01
8.269730101196156e-06	4.048133e+01
8.270145591427542e-06	4.048136e+01
8.270976571890315e-06	4.048140e+01
8.272000000000000e-06	4.048144e+01
8.272142857142856e-06	4.048144e+01
8.272285714285714e-06	4.048145e+01
8.272428571428571e-06	4.048145e+01
8.272571428571429e-06	4.048146e+01
8.272714285714286e-06	4.048146e+01
8.272857142857144e-06	4.048147e+01
8.273000000000000e-06	4.048148e+01
8.273390654421613e-06	4.048149e+01
8.273793910598761e-06	4.048150e+01
8.274600422953058e-06	4.048153e+01
8.275754033751995e-06	4.048156e+01
8.276910060774620e-06	4.048159e+01
8.278492227515427e-06	4.048164e+01
8.279155892362163e-06	4.048167e+01
8.279782678744799e-06	4.048170e+01
8.279999580471922e-06	4.048171e+01
8.280125933084553e-06	4.048171e+01
8.280261394962508e-06	4.048172e+01
8.280322462477080e-06	4.048172e+01
8.280395847840762e-06	4.048173e+01
8.280462844935637e-06	4.048173e+01
8.280541118267294e-06	4.048174e+01
8.280612903152894e-06	4.048174e+01
8.280709351797809e-06	4.048174e+01
8.280809974857016e-06	4.048175e+01
8.280947803696652e-06	4.048175e+01
8.281093465936775e-06	4.048176e+01
8.281352337734274e-06	4.048178e+01
8.281613471624695e-06	4.048179e+01
8.281993293774047e-06	4.048181e+01
8.282598674977730e-06	4.048184e+01
8.283704525078503e-06	4.048190e+01
8.285916225280046e-06	4.048203e+01
8.286310535883922e-06	4.048205e+01
8.287099157091674e-06	4.048209e+01
8.288676399507177e-06	4.048219e+01
8.288983446655587e-06	4.048221e+01
8.289060208442691e-06	4.048221e+01
8.289213732016895e-06	4.048222e+01
8.289252112910446e-06	4.048223e+01
8.289328874697548e-06	4.048223e+01
8.289482398271754e-06	4.048224e+01
8.289789445420164e-06	4.048226e+01
8.290152709848280e-06	4.048228e+01
8.290667741454232e-06	4.048232e+01
8.291214023126532e-06	4.048235e+01
8.291601211505352e-06	4.048238e+01
8.291972640162119e-06	4.048240e+01
8.292286012559693e-06	4.048242e+01
8.292634071365103e-06	4.048244e+01
8.293189939177183e-06	4.048248e+01
8.294301674801343e-06	4.048255e+01
8.295637099331752e-06	4.048264e+01
8.296842484921002e-06	4.048272e+01
8.298005586001748e-06	4.048280e+01
8.299142010133790e-06	4.048287e+01
8.299767820317570e-06	4.048291e+01
8.300082483428648e-06	4.048294e+01
8.300260288225859e-06	4.048295e+01
8.300355119387301e-06	4.048295e+01
8.300447000130212e-06	4.048296e+01
8.300554098116772e-06	4.048297e+01
8.300876911349871e-06	4.048299e+01
8.301307328994004e-06	4.048302e+01
8.301767425463615e-06	4.048305e+01
8.302302373024113e-06	4.048308e+01
8.302930362849421e-06	4.048312e+01
8.303718947844248e-06	4.048318e+01
8.304280426646599e-06	4.048321e+01
8.304901252520937e-06	4.048325e+01
8.305903754797396e-06	4.048332e+01
8.307078501707376e-06	4.048339e+01
8.309019870651766e-06	4.048352e+01
8.311354558549684e-06	4.048367e+01
8.312529214995635e-06	4.048374e+01
8.313118304119662e-06	4.048378e+01
8.313620043584232e-06	4.048381e+01
8.314217849880634e-06	4.048385e+01
8.314764737044872e-06	4.048388e+01
8.315601428430078e-06	4.048393e+01
8.316512467577051e-06	4.048399e+01
8.317857673475723e-06	4.048407e+01
8.319340445713952e-06	4.048416e+01
8.321254724746882e-06	4.048427e+01
8.323574151536324e-06	4.048441e+01
8.326002321785013e-06	4.048455e+01
8.329003855670667e-06	4.048471e+01
8.332394687762844e-06	4.048490e+01
8.335471105339469e-06	4.048506e+01
8.338039397279615e-06	4.048520e+01
8.340350546050529e-06	4.048531e+01
8.342338240882325e-06	4.048541e+01
8.344187278971091e-06	4.048550e+01
8.346040680538468e-06	4.048559e+01
8.347735979092242e-06	4.048567e+01
8.350005840504641e-06	4.048578e+01
8.352258654276270e-06	4.048588e+01
8.355036935158857e-06	4.048600e+01
8.357559667293298e-06	4.048611e+01
8.360453290954164e-06	4.048624e+01
8.364269082389142e-06	4.048640e+01
8.370452284495388e-06	4.048664e+01
8.379359037118848e-06	4.048696e+01
8.394067068683682e-06	4.048743e+01
8.418126620599656e-06	4.048803e+01
8.458126620599655e-06	4.048872e+01
8.498126620599657e-06	4.048910e+01
8.538126620599656e-06	4.048918e+01
8.578126620599656e-06	4.048903e+01
8.618126620599657e-06	4.048871e+01
8.658126620599657e-06	4.048826e+01
8.698126620599656e-06	4.048771e+01
8.738126620599656e-06	4.048709e+01
8.778126620599656e-06	4.048643e+01
8.818126620599657e-06	4.048575e+01
8.858126620599656e-06	4.048505e+01
8.898126620599656e-06	4.048436e+01
8.938126620599657e-06	4.048369e+01
8.978126620599657e-06	4.048304e+01
9.018126620599657e-06	4.048243e+01
9.058126620599656e-06	4.048187e+01
9.098126620599656e-06	4.048138e+01
9.138126620599657e-06	4.048095e+01
9.178126620599657e-06	4.048061e+01
9.218126620599656e-06	4.048036e+01
9.258126620599658e-06	4.048021e+01
9.298126620599657e-06	4.048017e+01
9.338126620599657e-06	4.048025e+01
9.378126620599657e-06	4.048045e+01
9.418126620599656e-06	4.048078e+01
9.458126620599658e-06	4.048124e+01
9.498126620599657e-06	4.048183e+01
9.538126620599657e-06	4.048255e+01
9.562000000000001e-06	4.048302e+01
9.565000000000001e-06	4.048309e+01
9.569000000000001e-06	4.048318e+01
9.585999999999999e-06	4.048357e+01
9.602000000000001e-06	4.048396e+01
9.602999999999999e-06	4.048398e+01
9.603600000000001e-06	4.048399e+01
9.604240000000000e-06	4.048401e+01
9.605519999999999e-06	4.048404e+01
9.608080000000001e-06	4.048411e+01
9.617824931003430e-06	4.048436e+01
9.618922341564193e-06	4.048439e+01
9.619196694204385e-06	4.048439e+01
9.619265282364432e-06	4.048439e+01
9.619282429404444e-06	4.048439e+01
9.619316723484467e-06	4.048440e+01
9.619325297004472e-06	4.048440e+01
9.619327440384476e-06	4.048440e+01
9.619331727144478e-06	4.048440e+01
9.619340300664484e-06	4.048440e+01
9.619342444044486e-06	4.048440e+01
9.619346730804489e-06	4.048440e+01
9.619355304324494e-06	4.048440e+01
9.619372451364506e-06	4.048440e+01
9.619406745444530e-06	4.048440e+01
9.619459740588698e-06	4.048440e+01
9.619543933738527e-06	4.048440e+01
9.619634310778963e-06	4.048441e+01
9.619815064859837e-06	4.048441e+01
9.620547724748328e-06	4.048443e+01
9.621391724728048e-06	4.048445e+01
9.623079724687492e-06	4.048450e+01
9.626455724606376e-06	4.048458e+01
9.630713373914044e-06	4.048470e+01
9.634869207306547e-06	4.048481e+01
9.638758424520093e-06	4.048492e+01
9.641226711565550e-06	4.048499e+01
9.643498460505126e-06	4.048505e+01
9.645168311758096e-06	4.048510e+01
9.647062824330279e-06	4.048515e+01
9.649194454172510e-06	4.048521e+01
9.650751761391621e-06	4.048526e+01
9.651721685858803e-06	4.048529e+01
9.652434806816018e-06	4.048531e+01
9.652923058043451e-06	4.048532e+01
9.653363449845136e-06	4.048534e+01
9.653833285138037e-06	4.048535e+01
9.654493588530833e-06	4.048537e+01
9.655583268123629e-06	4.048540e+01
9.656704697524188e-06	4.048544e+01
9.657787123723557e-06	4.048548e+01
9.658784056651345e-06	4.048551e+01
9.659814035525023e-06	4.048554e+01
9.660836160899271e-06	4.048558e+01
9.661882873066405e-06	4.048561e+01
9.662909558341523e-06	4.048565e+01
9.663948166784188e-06	4.048569e+01
9.664974871446556e-06	4.048573e+01
9.666012274922834e-06	4.048577e+01
9.667041465722827e-06	4.048581e+01
9.668077622284446e-06	4.048586e+01
9.669107732471746e-06	4.048590e+01
9.670142828263299e-06	4.048595e+01
9.671173758999362e-06	4.048601e+01
9.672208219234633e-06	4.048607e+01
9.673239719402766e-06	4.048613e+01
9.673700644906172e-06	4.048616e+01
9.673963127063891e-06	4.048618e+01
9.674227381624464e-06	4.048619e+01
9.674377490883185e-06	4.048620e+01
9.674542060138436e-06	4.048621e+01
9.674793985583626e-06	4.048623e+01
9.675297836474003e-06	4.048626e+01
9.676118702088937e-06	4.048632e+01
9.677257907817824e-06	4.048640e+01
9.678359318542661e-06	4.048647e+01
9.679515090428467e-06	4.048656e+01
9.680189666611447e-06	4.048661e+01
9.680497087076712e-06	4.048663e+01
9.680801232097266e-06	4.048666e+01
9.680953432804316e-06	4.048667e+01
9.681102910082771e-06	4.048668e+01
9.681401864639682e-06	4.048671e+01
9.681999773753505e-06	4.048676e+01
9.683004734502905e-06	4.048685e+01
9.684327409084190e-06	4.048698e+01
9.686088100346430e-06	4.048715e+01
9.688282740041062e-06	4.048737e+01
9.690868125085045e-06	4.048760e+01
9.693643346959638e-06	4.048783e+01
9.695945883907903e-06	4.048800e+01
9.697658943689204e-06	4.048810e+01
9.698658943689203e-06	4.048816e+01
9.699000000000000e-06	4.048817e+01
9.699317887378406e-06	4.048819e+01
9.699364225243187e-06	4.048819e+01
9.699456900972748e-06	4.048820e+01
9.699642252431871e-06	4.048820e+01
9.700000000000000e-06	4.048822e+01
9.700142857142857e-06	4.048823e+01
9.700285714285715e-06	4.048823e+01
9.700428571428571e-06	4.048824e+01
9.700571428571430e-06	4.048825e+01
9.700714285714286e-06	4.048825e+01
9.700857142857144e-06	4.048826e+01
9.701000000000001e-06	4.048827e+01
9.701455871511710e-06	4.048828e+01
9.701926448556056e-06	4.048830e+01
9.702867602644746e-06	4.048833e+01
9.704024623789746e-06	4.048837e+01
9.705410068712708e-06	4.048841e+01
9.706666065481974e-06	4.048845e+01
9.707672422887964e-06	4.048848e+01
9.708155621590485e-06	4.048850e+01
9.708442526190184e-06	4.048851e+01
9.708624590118299e-06	4.048852e+01
9.708729171596353e-06	4.048853e+01
9.708851866262513e-06	4.048853e+01
9.708941911787589e-06	4.048854e+01
9.709041271180903e-06	4.048854e+01
9.709144784557029e-06	4.048855e+01
9.709260632617957e-06	4.048856e+01
9.709389635507513e-06	4.048856e+01
9.709628349244223e-06	4.048857e+01
9.709890280619404e-06	4.048859e+01
9.710201578439023e-06	4.048861e+01
9.710701879422219e-06	4.048863e+01
9.711475219494406e-06	4.048867e+01
9.713021899638780e-06	4.048876e+01
9.715863486762017e-06	4.048892e+01
9.716215435159343e-06	4.048894e+01
9.716919331953996e-06	4.048898e+01
9.717095306152659e-06	4.048899e+01
9.717139299702326e-06	4.048900e+01
9.717227286801657e-06	4.048900e+01
9.717249283576490e-06	4.048901e+01
9.717293277126155e-06	4.048901e+01
9.717381264225488e-06	4.048901e+01
9.717557238424151e-06	4.048903e+01
9.717909186821477e-06	4.048904e+01
9.718390060427003e-06	4.048907e+01
9.718931816928139e-06	4.048911e+01
9.719321004810640e-06	4.048914e+01
9.719703640085506e-06	4.048916e+01
9.720030943008499e-06	4.048918e+01
9.720331349665098e-06	4.048920e+01
9.720634901153903e-06	4.048922e+01
9.721198411374829e-06	4.048926e+01
9.722325431816680e-06	4.048933e+01
9.723568983372079e-06	4.048941e+01
9.724780020791068e-06	4.048949e+01
9.726209498835666e-06	4.048958e+01
9.727281375952615e-06	4.048965e+01
9.727912300948977e-06	4.048970e+01
9.728222124858001e-06	4.048972e+01
9.728387108943168e-06	4.048973e+01
9.728574354005974e-06	4.048974e+01
9.728685994967480e-06	4.048975e+01
9.729029666634812e-06	4.048977e+01
9.729487895524589e-06	4.048980e+01
9.729959042009132e-06	4.048983e+01
9.730549238239521e-06	4.048987e+01
9.731076053211221e-06	4.048990e+01
9.731755018449234e-06	4.048995e+01
9.732226410904203e-06	4.048998e+01
9.732823539415909e-06	4.049002e+01
9.733925462325436e-06	4.049009e+01
9.735305579630868e-06	4.049018e+01
9.737853054701159e-06	4.049034e+01
9.740238453140559e-06	4.049049e+01
9.741340863904861e-06	4.049055e+01
9.742094306052504e-06	4.049060e+01
9.742480894716625e-06	4.049063e+01
9.742973653244746e-06	4.049066e+01
9.743959170300988e-06	4.049072e+01
9.744984745118614e-06	4.049078e+01
9.746239157467845e-06	4.049085e+01
9.748077172159629e-06	4.049096e+01
9.750087255926901e-06	4.049108e+01
9.752455134769961e-06	4.049121e+01
9.755280175197898e-06	4.049137e+01
9.758467786558838e-06	4.049155e+01
9.761583509405420e-06	4.049171e+01
9.764548518864126e-06	4.049187e+01
9.767671935005036e-06	4.049203e+01
9.770540287177502e-06	4.049217e+01
9.773326374362003e-06	4.049231e+01
9.775881427115229e-06	4.049243e+01
9.778403899724727e-06	4.049255e+01
9.780929393151621e-06	4.049266e+01
9.783867988442942e-06	4.049279e+01
9.787551204893960e-06	4.049295e+01
9.792381525167870e-06	4.049314e+01
9.798925827073827e-06	4.049340e+01
9.808230874542657e-06	4.049374e+01
9.822565850974133e-06	4.049419e+01
9.848291124907828e-06	4.049483e+01
9.888291124907827e-06	4.049553e+01
9.928291124907827e-06	4.049590e+01
9.968291124907828e-06	4.049601e+01
9.999999999999999e-06	4.049601e+01
