0.000000000000000e+00	-2.753966e+02
7.751711452357958e-09	-2.738679e+02
2.325513435707430e-08	-2.705715e+02
5.426198016650698e-08	-2.630366e+02
9.426198016650702e-08	-2.516438e+02
1.342619801665071e-07	-2.382737e+02
1.742619801665071e-07	-2.228534e+02
2.142619801665071e-07	-2.054610e+02
2.542619801665072e-07	-1.862103e+02
2.942619801665072e-07	-1.652509e+02
3.342619801665073e-07	-1.427671e+02
3.742619801665073e-07	-1.189740e+02
4.142619801665073e-07	-9.411215e+01
4.542619801665074e-07	-6.844043e+01
4.942619801665074e-07	-4.222858e+01
5.342619801665075e-07	-1.574921e+01
5.742619801665075e-07	1.072973e+01
6.142619801665075e-07	3.695150e+01
6.542619801665076e-07	6.267599e+01
6.942619801665076e-07	8.768345e+01
7.342619801665077e-07	1.117767e+02
7.742619801665077e-07	1.347818e+02
8.142619801665077e-07	1.565472e+02
8.542619801665078e-07	1.769423e+02
8.942619801665078e-07	1.958547e+02
9.342619801665079e-07	2.131879e+02
9.742619801665079e-07	2.291130e+02
9.909999999999999e-07	2.353176e+02
9.975239603330159e-07	2.376005e+02
1.013571880999048e-06	2.430203e+02
1.031000000000000e-06	2.485568e+02
1.032000000000000e-06	2.488639e+02
1.032600000000000e-06	2.490475e+02
1.033240000000000e-06	2.492428e+02
1.034520000000000e-06	2.496317e+02
1.037080000000000e-06	2.504029e+02
1.046824931003430e-06	2.532816e+02
1.047922341564193e-06	2.535986e+02
1.048196694204384e-06	2.536777e+02
1.048265282364432e-06	2.536975e+02
1.048282429404443e-06	2.537024e+02
1.048316723484467e-06	2.537123e+02
1.048325297004473e-06	2.537147e+02
1.048327440384475e-06	2.537154e+02
1.048331727144478e-06	2.537166e+02
1.048340300664484e-06	2.537190e+02
1.048342444044485e-06	2.537197e+02
1.048346730804488e-06	2.537209e+02
1.048355304324494e-06	2.537234e+02
1.048372451364506e-06	2.537283e+02
1.048406745444530e-06	2.537382e+02
1.048459737601961e-06	2.537534e+02
1.048543926547628e-06	2.537776e+02
1.048634299072820e-06	2.538036e+02
1.048815044123204e-06	2.538555e+02
1.049547900483958e-06	2.540656e+02
1.050392320086320e-06	2.543067e+02
1.052081159291043e-06	2.547857e+02
1.055458837700490e-06	2.557339e+02
1.059716925450834e-06	2.569125e+02
1.063872533720373e-06	2.580437e+02
1.067759800445827e-06	2.590852e+02
1.070227561070429e-06	2.597372e+02
1.072497616326187e-06	2.603301e+02
1.074166341420302e-06	2.607619e+02
1.076060351644408e-06	2.612475e+02
1.078192569178685e-06	2.617896e+02
1.079751903698224e-06	2.621831e+02
1.080722883336574e-06	2.624266e+02
1.081435717241626e-06	2.626045e+02
1.081924437594608e-06	2.627262e+02
1.082364112658663e-06	2.628353e+02
1.082833450737565e-06	2.629516e+02
1.083495639341560e-06	2.631151e+02
1.084580021517295e-06	2.633817e+02
1.085704532215270e-06	2.636569e+02
1.086784803053383e-06	2.639199e+02
1.087783915951320e-06	2.641619e+02
1.088812051751843e-06	2.644096e+02
1.089835593441230e-06	2.646550e+02
1.090881038738157e-06	2.649044e+02
1.091908780893478e-06	2.651483e+02
1.092946510845536e-06	2.653933e+02
1.093973949060375e-06	2.656346e+02
1.095010726298308e-06	2.658768e+02
1.096040436420013e-06	2.661161e+02
1.097076154431828e-06	2.663556e+02
1.098106631704779e-06	2.665925e+02
1.099141418029394e-06	2.668292e+02
1.100172607481958e-06	2.670638e+02
1.101206849650473e-06	2.672978e+02
1.102238532448985e-06	2.675301e+02
1.102700471647788e-06	2.676338e+02
1.102956388558173e-06	2.676911e+02
1.103220417655214e-06	2.677500e+02
1.103382144164994e-06	2.677861e+02
1.103539534133989e-06	2.678212e+02
1.103786838056969e-06	2.678763e+02
1.104281445902930e-06	2.679861e+02
1.104997863261681e-06	2.681447e+02
1.106104596240647e-06	2.683886e+02
1.107216408049906e-06	2.686322e+02
1.108353178312278e-06	2.688799e+02
1.109026088750468e-06	2.690259e+02
1.109504742319883e-06	2.691294e+02
1.109685563324705e-06	2.691684e+02
1.109798993605863e-06	2.691928e+02
1.109909767623252e-06	2.692167e+02
1.110074821124182e-06	2.692522e+02
1.110347010026937e-06	2.693106e+02
1.110891387832448e-06	2.694273e+02
1.111669471217165e-06	2.695933e+02
1.112944134637761e-06	2.698637e+02
1.114456639406631e-06	2.701820e+02
1.116563945979353e-06	2.706209e+02
1.118977362552588e-06	2.711171e+02
1.121822111231955e-06	2.716937e+02
1.124063489777331e-06	2.721413e+02
1.126599119320342e-06	2.726410e+02
1.127599119320342e-06	2.728362e+02
1.128000000000000e-06	2.729140e+02
1.128198238640684e-06	2.729523e+02
1.128594715922053e-06	2.730289e+02
1.129000000000000e-06	2.731069e+02
1.129142857142857e-06	2.731344e+02
1.129285714285714e-06	2.731618e+02
1.129428571428571e-06	2.731892e+02
1.129571428571428e-06	2.732166e+02
1.129714285714286e-06	2.732440e+02
1.129857142857143e-06	2.732713e+02
1.130000000000000e-06	2.732986e+02
1.130416924693086e-06	2.733781e+02
1.130847298569820e-06	2.734600e+02
1.131708046323289e-06	2.736229e+02
1.132792728484498e-06	2.738272e+02
1.133909376309730e-06	2.740360e+02
1.134964023547206e-06	2.742318e+02
1.136316169492794e-06	2.744811e+02
1.137031848751720e-06	2.746123e+02
1.137420796636474e-06	2.746833e+02
1.137575990770087e-06	2.747115e+02
1.137740392126148e-06	2.747414e+02
1.137818943016203e-06	2.747557e+02
1.137879024171390e-06	2.747666e+02
1.137945683565898e-06	2.747787e+02
1.137995210234111e-06	2.747877e+02
1.138063169678761e-06	2.748000e+02
1.138138691144050e-06	2.748137e+02
1.138227282662638e-06	2.748298e+02
1.138366054999791e-06	2.748549e+02
1.138497001566859e-06	2.748786e+02
1.138728005864061e-06	2.749203e+02
1.138962949086229e-06	2.749626e+02
1.139361315368095e-06	2.750343e+02
1.140158047931827e-06	2.751769e+02
1.141580320614858e-06	2.754296e+02
1.143226161390259e-06	2.757198e+02
1.143589294651893e-06	2.757834e+02
1.144315561175160e-06	2.759096e+02
1.145768094221695e-06	2.761609e+02
1.146024802300016e-06	2.762051e+02
1.146088979319596e-06	2.762161e+02
1.146217333358756e-06	2.762381e+02
1.146249421868546e-06	2.762436e+02
1.146313598888127e-06	2.762546e+02
1.146441952927287e-06	2.762766e+02
1.146698661005608e-06	2.763205e+02
1.147020216357549e-06	2.763753e+02
1.147479942066739e-06	2.764536e+02
1.147969914562517e-06	2.765366e+02
1.148389977246998e-06	2.766077e+02
1.148806746300261e-06	2.766779e+02
1.149098375232221e-06	2.767269e+02
1.149393784104143e-06	2.767765e+02
1.149771228421766e-06	2.768396e+02
1.150517478427370e-06	2.769638e+02
1.151579650931123e-06	2.771395e+02
1.152836397078500e-06	2.773457e+02
1.154066676590895e-06	2.775458e+02
1.155354064984616e-06	2.777532e+02
1.156411769001064e-06	2.779223e+02
1.157023162599667e-06	2.780195e+02
1.157326127403047e-06	2.780674e+02
1.157487588063368e-06	2.780929e+02
1.157621423854243e-06	2.781140e+02
1.158179458711550e-06	2.782017e+02
1.158698138236240e-06	2.782828e+02
1.159176583671673e-06	2.783574e+02
1.159909221802069e-06	2.784711e+02
1.160494449167763e-06	2.785615e+02
1.161075184998249e-06	2.786507e+02
1.161748365160862e-06	2.787536e+02
1.162394971822095e-06	2.788519e+02
1.163603879481599e-06	2.790341e+02
1.165017105609158e-06	2.792446e+02
1.167661817585487e-06	2.796329e+02
1.169204849382522e-06	2.798564e+02
1.170154517579106e-06	2.799922e+02
1.171031719154702e-06	2.801167e+02
1.171420739386044e-06	2.801715e+02
1.171982942223257e-06	2.802503e+02
1.172941150025422e-06	2.803837e+02
1.173988576639177e-06	2.805283e+02
1.175257509168925e-06	2.807015e+02
1.177091131345250e-06	2.809484e+02
1.179114922419313e-06	2.812157e+02
1.182165820235617e-06	2.816091e+02
1.185508910017529e-06	2.820283e+02
1.188618435194050e-06	2.824060e+02
1.191947089225898e-06	2.827972e+02
1.194958582707197e-06	2.831395e+02
1.197980503794591e-06	2.834718e+02
1.200722241317142e-06	2.837635e+02
1.203382956998616e-06	2.840378e+02
1.205793352973966e-06	2.842787e+02
1.208128649043630e-06	2.845050e+02
1.210435547056897e-06	2.847216e+02
1.213191653812154e-06	2.849711e+02
1.216643833519226e-06	2.852696e+02
1.221248473364409e-06	2.856435e+02
1.227441973769324e-06	2.861020e+02
1.236291753459917e-06	2.866660e+02
1.249667250483512e-06	2.873020e+02
1.273099560630034e-06	2.877854e+02
1.313099560630034e-06	2.871324e+02
1.353099560630034e-06	2.846474e+02
1.393099560630034e-06	2.800974e+02
1.433099560630034e-06	2.734593e+02
1.473099560630034e-06	2.647174e+02
1.513099560630034e-06	2.538688e+02
1.553099560630034e-06	2.409299e+02
1.593099560630034e-06	2.259425e+02
1.633099560630034e-06	2.089787e+02
1.673099560630034e-06	1.901443e+02
1.713099560630034e-06	1.695798e+02
1.753099560630034e-06	1.474600e+02
1.793099560630034e-06	1.239907e+02
1.833099560630035e-06	9.940384e+01
1.873099560630035e-06	7.395150e+01
1.913099560630035e-06	4.789837e+01
1.953099560630035e-06	2.151416e+01
1.993099560630035e-06	-4.933756e+00
2.033099560630035e-06	-3.118711e+01
2.073099560630035e-06	-5.700234e+01
2.113099560630035e-06	-8.215476e+01
2.153099560630035e-06	-1.064412e+02
2.193099560630035e-06	-1.296813e+02
2.233099560630035e-06	-1.517169e+02
2.273099560630035e-06	-1.724113e+02
2.313099560630035e-06	-1.916466e+02
2.353099560630035e-06	-2.093217e+02
2.393099560630035e-06	-2.255034e+02
2.419000000000000e-06	-2.352501e+02
2.422000000000000e-06	-2.363052e+02
2.434000000000001e-06	-2.403880e+02
2.437428571428572e-06	-2.415370e+02
2.440857142857143e-06	-2.426715e+02
2.444285714285714e-06	-2.437912e+02
2.447714285714286e-06	-2.448963e+02
2.451142857142857e-06	-2.459868e+02
2.454571428571428e-06	-2.470626e+02
2.458000000000000e-06	-2.481237e+02
2.459000000000000e-06	-2.484313e+02
2.459600000000000e-06	-2.486151e+02
2.460000000000000e-06	-2.487374e+02
2.460600000000000e-06	-2.489205e+02
2.461240000000000e-06	-2.491153e+02
2.462520000000000e-06	-2.495030e+02
2.465080000000000e-06	-2.502718e+02
2.474824931003430e-06	-2.531415e+02
2.475922341564193e-06	-2.534574e+02
2.476196694204384e-06	-2.535363e+02
2.476265282364431e-06	-2.535560e+02
2.476282429404443e-06	-2.535609e+02
2.476316723484467e-06	-2.535707e+02
2.476325297004473e-06	-2.535732e+02
2.476327440384475e-06	-2.535738e+02
2.476331727144477e-06	-2.535750e+02
2.476340300664483e-06	-2.535775e+02
2.476342444044485e-06	-2.535781e+02
2.476346730804488e-06	-2.535793e+02
2.476355304324494e-06	-2.535818e+02
2.476372451364506e-06	-2.535867e+02
2.476406745444530e-06	-2.535965e+02
2.476459741473620e-06	-2.536117e+02
2.476543935358131e-06	-2.536359e+02
2.476634313270844e-06	-2.536617e+02
2.476815069096269e-06	-2.537135e+02
2.477547287799208e-06	-2.539227e+02
2.478390376588406e-06	-2.541626e+02
2.480076554166801e-06	-2.546393e+02
2.483448909323592e-06	-2.555828e+02
2.487705605648236e-06	-2.567570e+02
2.491861927825452e-06	-2.578846e+02
2.495755699050031e-06	-2.589241e+02
2.498224822884441e-06	-2.595741e+02
2.500501802228493e-06	-2.601666e+02
2.502175308590674e-06	-2.605980e+02
2.504071167808191e-06	-2.610822e+02
2.506199681357036e-06	-2.616214e+02
2.507758546798637e-06	-2.620132e+02
2.508728871437402e-06	-2.622556e+02
2.509441390622912e-06	-2.624328e+02
2.509930037023496e-06	-2.625539e+02
2.510369634360143e-06	-2.626626e+02
2.510838909018950e-06	-2.627784e+02
2.511501091247222e-06	-2.629412e+02
2.512588352745064e-06	-2.632075e+02
2.513711373404510e-06	-2.634812e+02
2.514792458009264e-06	-2.637433e+02
2.515790545161843e-06	-2.639841e+02
2.516819555792712e-06	-2.642311e+02
2.517842473365267e-06	-2.644753e+02
2.518888493198245e-06	-2.647238e+02
2.519915746834487e-06	-2.649666e+02
2.520953875170884e-06	-2.652106e+02
2.521980980454909e-06	-2.654509e+02
2.523018043914627e-06	-2.656921e+02
2.524047517371019e-06	-2.659304e+02
2.525083434869789e-06	-2.661689e+02
2.526113744798395e-06	-2.664048e+02
2.527148672148625e-06	-2.666405e+02
2.528179743768279e-06	-2.668740e+02
2.529214085279460e-06	-2.671070e+02
2.530245684858382e-06	-2.673383e+02
2.530713922179267e-06	-2.674429e+02
2.530877521089326e-06	-2.674794e+02
2.531086105596159e-06	-2.675258e+02
2.531330278045439e-06	-2.675801e+02
2.531550999288150e-06	-2.676291e+02
2.531845651606771e-06	-2.676944e+02
2.532298877766867e-06	-2.677946e+02
2.532957820814187e-06	-2.679398e+02
2.534012584208007e-06	-2.681713e+02
2.535156798390703e-06	-2.684210e+02
2.536265092400008e-06	-2.686615e+02
2.536942005395361e-06	-2.688077e+02
2.537456318588087e-06	-2.689184e+02
2.537649124717044e-06	-2.689599e+02
2.537783279460410e-06	-2.689886e+02
2.537916537641885e-06	-2.690172e+02
2.538069069589278e-06	-2.690499e+02
2.538374133484064e-06	-2.691151e+02
2.538959329169457e-06	-2.692399e+02
2.539785435824409e-06	-2.694152e+02
2.541083589586320e-06	-2.696892e+02
2.542637741426269e-06	-2.700144e+02
2.544787899945535e-06	-2.704596e+02
2.547229639405627e-06	-2.709586e+02
2.550054728218876e-06	-2.715278e+02
2.552151378770732e-06	-2.719441e+02
2.554628538335331e-06	-2.724298e+02
2.555345588120341e-06	-2.725690e+02
2.556565900429979e-06	-2.728041e+02
2.557000000000000e-06	-2.728874e+02
2.557472796560165e-06	-2.729777e+02
2.557816103195034e-06	-2.730432e+02
2.558000000000000e-06	-2.730782e+02
2.558142857142857e-06	-2.731053e+02
2.558285714285714e-06	-2.731324e+02
2.558428571428571e-06	-2.731595e+02
2.558571428571428e-06	-2.731866e+02
2.558714285714286e-06	-2.732136e+02
2.558857142857143e-06	-2.732407e+02
2.559000000000000e-06	-2.732677e+02
2.559336999337493e-06	-2.733312e+02
2.559684869621356e-06	-2.733967e+02
2.560380610189082e-06	-2.735271e+02
2.561402870297739e-06	-2.737178e+02
2.562414159771146e-06	-2.739052e+02
2.563612923408904e-06	-2.741259e+02
2.564572167204550e-06	-2.743014e+02
2.565072363152011e-06	-2.743924e+02
2.565347554206804e-06	-2.744424e+02
2.565472312876772e-06	-2.744650e+02
2.565604012295033e-06	-2.744888e+02
2.565655177995567e-06	-2.744981e+02
2.565716016610155e-06	-2.745091e+02
2.565773357513677e-06	-2.745195e+02
2.565833564551882e-06	-2.745303e+02
2.565897816427246e-06	-2.745419e+02
2.565968841984089e-06	-2.745548e+02
2.566058699229293e-06	-2.745710e+02
2.566159644493488e-06	-2.745892e+02
2.566315503089254e-06	-2.746172e+02
2.566478090803166e-06	-2.746465e+02
2.566803266230988e-06	-2.747049e+02
2.567306297349044e-06	-2.747950e+02
2.567848607636458e-06	-2.748917e+02
2.568802300478965e-06	-2.750609e+02
2.570010179284132e-06	-2.752736e+02
2.571883646033421e-06	-2.756008e+02
2.572214063753032e-06	-2.756581e+02
2.572874899192254e-06	-2.757719e+02
2.574196570070698e-06	-2.759984e+02
2.574497518742354e-06	-2.760497e+02
2.575099416085668e-06	-2.761519e+02
2.575249890421496e-06	-2.761774e+02
2.575287509005453e-06	-2.761838e+02
2.575362746173367e-06	-2.761965e+02
2.575513220509196e-06	-2.762219e+02
2.575814169180853e-06	-2.762727e+02
2.576192863471554e-06	-2.763364e+02
2.576734921329519e-06	-2.764273e+02
2.577218533858689e-06	-2.765081e+02
2.577592126285442e-06	-2.765704e+02
2.577937188941600e-06	-2.766277e+02
2.578242245776983e-06	-2.766783e+02
2.578580031409651e-06	-2.767341e+02
2.579091562522326e-06	-2.768184e+02
2.580048734056602e-06	-2.769752e+02
2.581100377982173e-06	-2.771463e+02
2.582013157603413e-06	-2.772939e+02
2.582646382368362e-06	-2.773957e+02
2.583357798908594e-06	-2.775093e+02
2.584083031021589e-06	-2.776245e+02
2.585163323620980e-06	-2.777950e+02
2.585707367668771e-06	-2.778805e+02
2.586168342408033e-06	-2.779525e+02
2.586381897563368e-06	-2.779858e+02
2.586505956756818e-06	-2.780051e+02
2.586626387893381e-06	-2.780238e+02
2.586765042052419e-06	-2.780454e+02
2.586905413899049e-06	-2.780671e+02
2.587186157592310e-06	-2.781106e+02
2.587726709688967e-06	-2.781940e+02
2.588219768147594e-06	-2.782698e+02
2.588997311556364e-06	-2.783886e+02
2.589709134034323e-06	-2.784969e+02
2.590375901070614e-06	-2.785977e+02
2.590988916629722e-06	-2.786899e+02
2.591920438044597e-06	-2.788290e+02
2.593084717720428e-06	-2.790012e+02
2.594762504676997e-06	-2.792463e+02
2.597307012483602e-06	-2.796128e+02
2.598518353007933e-06	-2.797850e+02
2.599126203494092e-06	-2.798705e+02
2.599706653127241e-06	-2.799517e+02
2.600180923372734e-06	-2.800176e+02
2.600724740811899e-06	-2.800929e+02
2.601588763712546e-06	-2.802117e+02
2.602512138679562e-06	-2.803376e+02
2.603892840573292e-06	-2.805239e+02
2.605345346067388e-06	-2.807174e+02
2.607263641243946e-06	-2.809688e+02
2.609549432582822e-06	-2.812627e+02
2.611987763615843e-06	-2.815691e+02
2.614924611475441e-06	-2.819284e+02
2.617978161867494e-06	-2.822914e+02
2.620808599809037e-06	-2.826180e+02
2.623440484929448e-06	-2.829128e+02
2.625849368672190e-06	-2.831752e+02
2.627902644138704e-06	-2.833933e+02
2.629815455034479e-06	-2.835915e+02
2.631731617422447e-06	-2.837855e+02
2.633535292636386e-06	-2.839636e+02
2.635959476001802e-06	-2.841966e+02
2.638475576950128e-06	-2.844308e+02
2.641516680508003e-06	-2.847035e+02
2.644515448110949e-06	-2.849618e+02
2.647543487596140e-06	-2.852106e+02
2.651165172007913e-06	-2.854909e+02
2.656999243147790e-06	-2.859039e+02
2.665777327718277e-06	-2.864360e+02
2.680281864989793e-06	-2.870792e+02
2.703407248710222e-06	-2.874787e+02
2.743407248710222e-06	-2.866853e+02
2.783407248710222e-06	-2.840696e+02
2.823407248710222e-06	-2.793958e+02
2.863407248710222e-06	-2.726414e+02
2.903407248710222e-06	-2.637910e+02
2.943407248710222e-06	-2.528419e+02
2.983407248710222e-06	-2.398110e+02
3.023407248710222e-06	-2.247404e+02
3.063407248710222e-06	-2.077028e+02
3.103407248710222e-06	-1.888046e+02
3.143407248710222e-06	-1.681871e+02
3.183407248710222e-06	-1.460258e+02
3.223407248710222e-06	-1.225274e+02
3.263407248710222e-06	-9.792455e+01
3.303407248710222e-06	-7.246991e+01
3.343407248710222e-06	-4.642850e+01
3.383407248710222e-06	-2.007018e+01
3.423407248710222e-06	6.337891e+00
3.463407248710222e-06	3.253790e+01
3.503407248710223e-06	5.828708e+01
3.543407248710223e-06	8.336177e+01
3.583407248710223e-06	1.075601e+02
3.623407248710223e-06	1.307031e+02
3.663407248710223e-06	1.526342e+02
3.703407248710223e-06	1.732182e+02
3.743407248710223e-06	1.923389e+02
3.783407248710223e-06	2.098966e+02
3.823407248710222e-06	2.259737e+02
3.847999999999999e-06	2.351726e+02
3.851000000000000e-06	2.362227e+02
3.863000000000001e-06	2.402873e+02
3.866571428571429e-06	2.414783e+02
3.870142857142858e-06	2.426536e+02
3.873714285714286e-06	2.438131e+02
3.877285714285715e-06	2.449568e+02
3.880857142857143e-06	2.460848e+02
3.884428571428572e-06	2.471971e+02
3.888000000000000e-06	2.482935e+02
3.889000000000000e-06	2.485982e+02
3.889600000000000e-06	2.487805e+02
3.890240000000000e-06	2.489743e+02
3.891520000000000e-06	2.493601e+02
3.894080000000001e-06	2.501253e+02
3.903824931003430e-06	2.529810e+02
3.904922341564194e-06	2.532954e+02
3.905196694204384e-06	2.533738e+02
3.905265282364431e-06	2.533934e+02
3.905282429404443e-06	2.533983e+02
3.905316723484468e-06	2.534081e+02
3.905325297004473e-06	2.534105e+02
3.905327440384474e-06	2.534112e+02
3.905331727144478e-06	2.534124e+02
3.905340300664484e-06	2.534148e+02
3.905342444044485e-06	2.534154e+02
3.905346730804488e-06	2.534167e+02
3.905355304324494e-06	2.534191e+02
3.905372451364506e-06	2.534240e+02
3.905406745444530e-06	2.534338e+02
3.905459741444725e-06	2.534489e+02
3.905543934830732e-06	2.534729e+02
3.905634312293672e-06	2.534987e+02
3.905815067219551e-06	2.535502e+02
3.906547009083327e-06	2.537582e+02
3.907389534315801e-06	2.539968e+02
3.909074584780747e-06	2.544708e+02
3.912444685710639e-06	2.554090e+02
3.916700791995969e-06	2.565771e+02
3.920857416438292e-06	2.576991e+02
3.924753916895611e-06	2.587340e+02
3.927223673635272e-06	2.593807e+02
3.929503210807929e-06	2.599708e+02
3.931178508950560e-06	2.604003e+02
3.933075071627821e-06	2.608822e+02
3.935202293808822e-06	2.614182e+02
3.936760361114430e-06	2.618077e+02
3.937730147326805e-06	2.620486e+02
3.938442672004137e-06	2.622249e+02
3.938931132384513e-06	2.623453e+02
3.939370944510482e-06	2.624535e+02
3.939840365557750e-06	2.625687e+02
3.940501915877869e-06	2.627305e+02
3.941591764990591e-06	2.629959e+02
3.942713337432787e-06	2.632678e+02
3.943795371866286e-06	2.635287e+02
3.944792441200949e-06	2.637679e+02
3.945822315086956e-06	2.640137e+02
3.946844583595055e-06	2.642565e+02
3.947891189141624e-06	2.645037e+02
3.948917951841742e-06	2.647451e+02
3.949956486252422e-06	2.649879e+02
3.950983252507322e-06	2.652267e+02
3.952020606067686e-06	2.654667e+02
3.953049839223351e-06	2.657035e+02
3.954085959594846e-06	2.659407e+02
3.955116099640720e-06	2.661752e+02
3.956151170218034e-06	2.664096e+02
3.957182122134989e-06	2.666418e+02
3.958216564560435e-06	2.668735e+02
3.959248079626924e-06	2.671034e+02
3.959717186145970e-06	2.672076e+02
3.959879261747226e-06	2.672436e+02
3.960055666298715e-06	2.672826e+02
3.960295312166776e-06	2.673356e+02
3.960518741384313e-06	2.673849e+02
3.960807723042671e-06	2.674486e+02
3.961239709668068e-06	2.675436e+02
3.961865881701050e-06	2.676809e+02
3.962856913700738e-06	2.678972e+02
3.963915626129781e-06	2.681271e+02
3.965036602703816e-06	2.683693e+02
3.965746659908688e-06	2.685220e+02
3.966303676617075e-06	2.686413e+02
3.966529661793807e-06	2.686896e+02
3.966725396255802e-06	2.687314e+02
3.966855136433293e-06	2.687590e+02
3.966976926292167e-06	2.687850e+02
3.967220506009917e-06	2.688367e+02
3.967681608334057e-06	2.689346e+02
3.968348462286559e-06	2.690756e+02
3.969562933724381e-06	2.693311e+02
3.970956699735088e-06	2.696221e+02
3.972983765744895e-06	2.700410e+02
3.975297380163128e-06	2.705132e+02
3.978188263511592e-06	2.710946e+02
3.980913675862944e-06	2.716342e+02
3.983458085930122e-06	2.721317e+02
3.983792989985303e-06	2.721963e+02
3.984175737476939e-06	2.722699e+02
3.984941232460211e-06	2.724166e+02
3.986000000000000e-06	2.726188e+02
3.986142857142857e-06	2.726460e+02
3.986285714285713e-06	2.726731e+02
3.986428571428571e-06	2.727002e+02
3.986571428571428e-06	2.727273e+02
3.986714285714285e-06	2.727543e+02
3.986857142857142e-06	2.727813e+02
3.986999999999999e-06	2.728084e+02
3.987070543993082e-06	2.728217e+02
3.987141087986167e-06	2.728350e+02
3.987211631979250e-06	2.728483e+02
3.987282175972333e-06	2.728616e+02
3.987352719965416e-06	2.728749e+02
3.987423263958500e-06	2.728882e+02
3.987493807951584e-06	2.729015e+02
3.988003545191928e-06	2.729972e+02
3.989023019672618e-06	2.731877e+02
3.990254646238087e-06	2.734163e+02
3.991670573813127e-06	2.736769e+02
3.993085293420939e-06	2.739352e+02
3.993955386651876e-06	2.740930e+02
3.994402801532966e-06	2.741738e+02
3.994589627335986e-06	2.742074e+02
3.994744375608756e-06	2.742352e+02
3.994831534152992e-06	2.742509e+02
3.994883463601560e-06	2.742602e+02
3.994944646377102e-06	2.742712e+02
3.994988801144378e-06	2.742791e+02
3.995048498403980e-06	2.742898e+02
3.995110148779474e-06	2.743008e+02
3.995188591260049e-06	2.743149e+02
3.995292991491788e-06	2.743335e+02
3.995418028127325e-06	2.743559e+02
3.995590452318967e-06	2.743867e+02
3.995789922940584e-06	2.744223e+02
3.996188864183819e-06	2.744933e+02
3.996616457235080e-06	2.745692e+02
3.997233762224756e-06	2.746783e+02
3.998097945940951e-06	2.748303e+02
3.999274689864395e-06	2.750357e+02
4.001062229592613e-06	2.753454e+02
4.001399595497345e-06	2.754034e+02
4.002074327306810e-06	2.755189e+02
4.002243010259176e-06	2.755477e+02
4.002580376163910e-06	2.756051e+02
4.003255107973375e-06	2.757196e+02
4.003423790925741e-06	2.757482e+02
4.003465961663833e-06	2.757553e+02
4.003550303140015e-06	2.757695e+02
4.003718986092382e-06	2.757980e+02
4.004056351997115e-06	2.758548e+02
4.004396870742573e-06	2.759120e+02
4.004939677948377e-06	2.760030e+02
4.005375951553629e-06	2.760758e+02
4.005808617753741e-06	2.761479e+02
4.006117450652436e-06	2.761991e+02
4.006432876549659e-06	2.762514e+02
4.006794472702402e-06	2.763110e+02
4.007517665007889e-06	2.764299e+02
4.008586156296712e-06	2.766044e+02
4.009824696436584e-06	2.768050e+02
4.011066087407224e-06	2.770044e+02
4.012359198027687e-06	2.772100e+02
4.013429008217264e-06	2.773788e+02
4.014040245598638e-06	2.774747e+02
4.014344434357598e-06	2.775222e+02
4.014507896963228e-06	2.775476e+02
4.014665418392335e-06	2.775721e+02
4.015009929306542e-06	2.776256e+02
4.015345379850844e-06	2.776775e+02
4.015806960222808e-06	2.777487e+02
4.016334873463018e-06	2.778298e+02
4.017133361109400e-06	2.779518e+02
4.017895974208418e-06	2.780678e+02
4.018461082804132e-06	2.781532e+02
4.019141200152888e-06	2.782554e+02
4.020225789044831e-06	2.784171e+02
4.021585755708880e-06	2.786177e+02
4.023845839840670e-06	2.789462e+02
4.026051628896874e-06	2.792622e+02
4.027138201574766e-06	2.794158e+02
4.027823147437364e-06	2.795118e+02
4.028216788471709e-06	2.795666e+02
4.028708951965865e-06	2.796347e+02
4.029693278954179e-06	2.797701e+02
4.030664239565185e-06	2.799026e+02
4.031890578249044e-06	2.800680e+02
4.033704424424511e-06	2.803095e+02
4.035621744494201e-06	2.805603e+02
4.038161329078017e-06	2.808854e+02
4.041124919083904e-06	2.812548e+02
4.044608089942603e-06	2.816759e+02
4.047905148042897e-06	2.820615e+02
4.051067078754774e-06	2.824188e+02
4.054000144772022e-06	2.827392e+02
4.056858831400678e-06	2.830413e+02
4.059520177978201e-06	2.833135e+02
4.062038240872286e-06	2.835631e+02
4.064374581163486e-06	2.837875e+02
4.066715402797630e-06	2.840054e+02
4.069283891439311e-06	2.842360e+02
4.072618545477405e-06	2.845227e+02
4.076838338013710e-06	2.848646e+02
4.082693924424740e-06	2.853005e+02
4.090662547949201e-06	2.858189e+02
4.102865248590797e-06	2.864392e+02
4.122709583846438e-06	2.869542e+02
4.162398254357718e-06	2.865916e+02
4.202398254357718e-06	2.844580e+02
4.242398254357718e-06	2.802803e+02
4.282398254357719e-06	2.740308e+02
4.322398254357718e-06	2.656915e+02
4.362398254357718e-06	2.552558e+02
4.402398254357718e-06	2.427347e+02
4.442398254357719e-06	2.281636e+02
4.482398254357718e-06	2.116071e+02
4.522398254357718e-06	1.931632e+02
4.562398254357718e-06	1.729645e+02
4.602398254357719e-06	1.511785e+02
4.642398254357719e-06	1.280045e+02
4.682398254357718e-06	1.036695e+02
4.722398254357719e-06	7.842182e+01
4.762398254357719e-06	5.252401e+01
4.802398254357719e-06	2.624534e+01
4.842398254357718e-06	-1.459198e-01
4.882398254357719e-06	-2.638941e+01
4.922398254357719e-06	-5.223856e+01
4.962398254357719e-06	-7.746515e+01
5.002398254357719e-06	-1.018622e+02
5.042398254357719e-06	-1.252456e+02
5.082398254357719e-06	-1.474538e+02
5.122398254357719e-06	-1.683469e+02
5.162398254357719e-06	-1.878046e+02
5.202398254357719e-06	-2.057238e+02
5.242398254357720e-06	-2.220851e+02
5.276000000000000e-06	-2.348207e+02
5.277000000000000e-06	-2.351791e+02
5.283000000000000e-06	-2.372468e+02
5.299999999999998e-06	-2.429177e+02
5.314999999999999e-06	-2.476484e+02
5.316000000000000e-06	-2.479548e+02
5.316599999999999e-06	-2.481379e+02
5.317000000000000e-06	-2.482598e+02
5.317600000000000e-06	-2.484422e+02
5.318240000000000e-06	-2.486362e+02
5.319520000000000e-06	-2.490225e+02
5.322080000000000e-06	-2.497885e+02
5.331824931003430e-06	-2.526474e+02
5.332922341564192e-06	-2.529622e+02
5.333196694204384e-06	-2.530407e+02
5.333265282364431e-06	-2.530603e+02
5.333282429404443e-06	-2.530652e+02
5.333316723484466e-06	-2.530750e+02
5.333325297004473e-06	-2.530775e+02
5.333327440384475e-06	-2.530781e+02
5.333331727144477e-06	-2.530793e+02
5.333340300664483e-06	-2.530818e+02
5.333342444044485e-06	-2.530824e+02
5.333346730804488e-06	-2.530836e+02
5.333355304324493e-06	-2.530861e+02
5.333372451364505e-06	-2.530909e+02
5.333406745444530e-06	-2.531007e+02
5.333459741838255e-06	-2.531159e+02
5.333543936806532e-06	-2.531399e+02
5.333634315785217e-06	-2.531657e+02
5.333815073742586e-06	-2.532173e+02
5.334547662875787e-06	-2.534258e+02
5.335391507869063e-06	-2.536650e+02
5.337079197855613e-06	-2.541404e+02
5.340454577828716e-06	-2.550812e+02
5.344712065130852e-06	-2.562512e+02
5.348867981667586e-06	-2.573744e+02
5.352757983590791e-06	-2.584090e+02
5.355226383411933e-06	-2.590563e+02
5.357499229958619e-06	-2.596455e+02
5.359169828157754e-06	-2.600746e+02
5.361064611710669e-06	-2.605568e+02
5.363195577404302e-06	-2.610945e+02
5.364753412693013e-06	-2.614846e+02
5.365723518575239e-06	-2.617260e+02
5.366436473157658e-06	-2.619027e+02
5.366924853351468e-06	-2.620233e+02
5.367364999651774e-06	-2.621317e+02
5.367834663164969e-06	-2.622472e+02
5.368495563064514e-06	-2.624091e+02
5.369584270689056e-06	-2.626747e+02
5.370706309242678e-06	-2.629472e+02
5.371788252134612e-06	-2.632086e+02
5.372785623611094e-06	-2.634482e+02
5.373815233397683e-06	-2.636944e+02
5.374837654039504e-06	-2.639377e+02
5.375884105885400e-06	-2.641853e+02
5.376911005921682e-06	-2.644271e+02
5.377949433881480e-06	-2.646703e+02
5.378976289130504e-06	-2.649096e+02
5.380013564500628e-06	-2.651500e+02
5.381042861674159e-06	-2.653874e+02
5.382078928294000e-06	-2.656250e+02
5.383109113662080e-06	-2.658600e+02
5.384144146050512e-06	-2.660948e+02
5.385175129800895e-06	-2.663275e+02
5.386209545352093e-06	-2.665596e+02
5.387241082934324e-06	-2.667901e+02
5.387703907518396e-06	-2.668931e+02
5.387957708006091e-06	-2.669494e+02
5.388218897633042e-06	-2.670073e+02
5.388387050863907e-06	-2.670445e+02
5.388550653273221e-06	-2.670807e+02
5.388799248149514e-06	-2.671356e+02
5.389296437902098e-06	-2.672451e+02
5.389993872927231e-06	-2.673982e+02
5.391104903519050e-06	-2.676410e+02
5.392212206011156e-06	-2.678817e+02
5.393356379714646e-06	-2.681290e+02
5.394026509194364e-06	-2.682731e+02
5.394477080467257e-06	-2.683698e+02
5.394653513868371e-06	-2.684075e+02
5.394752970312679e-06	-2.684288e+02
5.394848909529788e-06	-2.684493e+02
5.395040787964008e-06	-2.684902e+02
5.395323633037316e-06	-2.685504e+02
5.395889323183934e-06	-2.686706e+02
5.396792530545761e-06	-2.688617e+02
5.398052751362233e-06	-2.691267e+02
5.399684982237664e-06	-2.694670e+02
5.401790391368808e-06	-2.699012e+02
5.404283466195743e-06	-2.704087e+02
5.407084636117333e-06	-2.709710e+02
5.409115097938671e-06	-2.713726e+02
5.411560899817980e-06	-2.718504e+02
5.412354553613136e-06	-2.720040e+02
5.413412692409688e-06	-2.722072e+02
5.413999999999999e-06	-2.723193e+02
5.415000000000000e-06	-2.725095e+02
5.415142857142857e-06	-2.725366e+02
5.415285714285714e-06	-2.725636e+02
5.415428571428572e-06	-2.725906e+02
5.415571428571428e-06	-2.726175e+02
5.415714285714286e-06	-2.726445e+02
5.415857142857143e-06	-2.726714e+02
5.416000000000000e-06	-2.726983e+02
5.416069696189032e-06	-2.727114e+02
5.416139392378063e-06	-2.727245e+02
5.416209088567095e-06	-2.727376e+02
5.416278784756127e-06	-2.727507e+02
5.416348480945159e-06	-2.727638e+02
5.416418177134190e-06	-2.727769e+02
5.416487873323222e-06	-2.727899e+02
5.416991484495579e-06	-2.728841e+02
5.417998706840296e-06	-2.730716e+02
5.419470740805269e-06	-2.733435e+02
5.421125024766501e-06	-2.736466e+02
5.421930090364966e-06	-2.737931e+02
5.422383943660285e-06	-2.738752e+02
5.422566106945949e-06	-2.739081e+02
5.422722637148479e-06	-2.739363e+02
5.422810050072387e-06	-2.739521e+02
5.422862481048320e-06	-2.739615e+02
5.422924120099781e-06	-2.739726e+02
5.422968643941497e-06	-2.739806e+02
5.423028656966994e-06	-2.739914e+02
5.423090647361625e-06	-2.740025e+02
5.423169256547046e-06	-2.740166e+02
5.423276212001183e-06	-2.740358e+02
5.423399056093910e-06	-2.740579e+02
5.423579210677757e-06	-2.740901e+02
5.423775653167163e-06	-2.741253e+02
5.424168538145976e-06	-2.741954e+02
5.424616977950274e-06	-2.742752e+02
5.425229079220613e-06	-2.743838e+02
5.426111558058735e-06	-2.745394e+02
5.427288400518847e-06	-2.747454e+02
5.429044945384926e-06	-2.750506e+02
5.429372553136143e-06	-2.751072e+02
5.430027768638574e-06	-2.752194e+02
5.431338199643435e-06	-2.754430e+02
5.431642053515297e-06	-2.754945e+02
5.432249761259019e-06	-2.755972e+02
5.432268752126010e-06	-2.756004e+02
5.432306733859993e-06	-2.756068e+02
5.432382697327958e-06	-2.756196e+02
5.432534624263889e-06	-2.756452e+02
5.432838478135751e-06	-2.756963e+02
5.433268542854417e-06	-2.757683e+02
5.433834506868947e-06	-2.758628e+02
5.434206927157344e-06	-2.759249e+02
5.434556879795695e-06	-2.759830e+02
5.434887405118605e-06	-2.760377e+02
5.435182497832807e-06	-2.760864e+02
5.435501310217353e-06	-2.761390e+02
5.435987001813453e-06	-2.762187e+02
5.436869102861119e-06	-2.763628e+02
5.437885780248913e-06	-2.765278e+02
5.439218782384785e-06	-2.767423e+02
5.440319742667099e-06	-2.769180e+02
5.441255800788244e-06	-2.770662e+02
5.442204982164385e-06	-2.772154e+02
5.442725203303716e-06	-2.772968e+02
5.443020378036525e-06	-2.773428e+02
5.443167711495918e-06	-2.773657e+02
5.443246080440742e-06	-2.773779e+02
5.443320162867655e-06	-2.773894e+02
5.443459263643749e-06	-2.774109e+02
5.443528537137442e-06	-2.774217e+02
5.443831440376177e-06	-2.774685e+02
5.444213616807325e-06	-2.775274e+02
5.444695233574039e-06	-2.776015e+02
5.445204725383521e-06	-2.776795e+02
5.445962773938183e-06	-2.777950e+02
5.446692982296301e-06	-2.779057e+02
5.447286257750220e-06	-2.779951e+02
5.447927112401649e-06	-2.780911e+02
5.448859805234725e-06	-2.782300e+02
5.450045833485444e-06	-2.784048e+02
5.451841127313783e-06	-2.786661e+02
5.454234971640292e-06	-2.790097e+02
5.455436455410022e-06	-2.791800e+02
5.456047831258478e-06	-2.792657e+02
5.456658247460078e-06	-2.793507e+02
5.457137559475005e-06	-2.794172e+02
5.457692054579894e-06	-2.794937e+02
5.458547166517936e-06	-2.796109e+02
5.459519976825713e-06	-2.797430e+02
5.461108826306169e-06	-2.799564e+02
5.462549719178484e-06	-2.801474e+02
5.464398528686581e-06	-2.803884e+02
5.466664988237649e-06	-2.806783e+02
5.469165243036864e-06	-2.809908e+02
5.472155979265461e-06	-2.813547e+02
5.475177521995529e-06	-2.817119e+02
5.477983371645503e-06	-2.820337e+02
5.480603143858403e-06	-2.823255e+02
5.482987771250489e-06	-2.825840e+02
5.485010511494777e-06	-2.827976e+02
5.486891241630043e-06	-2.829916e+02
5.488775816033104e-06	-2.831816e+02
5.490526979054492e-06	-2.833539e+02
5.492838939310322e-06	-2.835755e+02
5.495209859509770e-06	-2.837960e+02
5.498082748883543e-06	-2.840540e+02
5.500826608688877e-06	-2.842913e+02
5.503674498216308e-06	-2.845271e+02
5.507169382070640e-06	-2.848003e+02
5.513113397873807e-06	-2.852267e+02
5.521597440608795e-06	-2.857506e+02
5.535930071390938e-06	-2.864088e+02
5.558201883456532e-06	-2.868397e+02
5.598201883456532e-06	-2.861477e+02
5.638201883456532e-06	-2.836503e+02
5.678201883456532e-06	-2.791011e+02
5.718201883456532e-06	-2.724771e+02
5.758201883456532e-06	-2.637615e+02
5.798201883456532e-06	-2.529504e+02
5.838201883456532e-06	-2.400590e+02
5.878201883456532e-06	-2.251275e+02
5.918201883456533e-06	-2.082268e+02
5.958201883456532e-06	-1.894610e+02
5.998201883456532e-06	-1.689696e+02
6.038201883456532e-06	-1.469260e+02
6.078201883456533e-06	-1.235353e+02
6.118201883456532e-06	-9.902870e+01
6.158201883456532e-06	-7.365760e+01
6.198201883456533e-06	-4.768624e+01
6.238201883456533e-06	-2.138403e+01
6.278201883456533e-06	4.982027e+00
6.318201883456532e-06	3.115401e+01
6.358201883456533e-06	5.688879e+01
6.398201883456533e-06	8.196218e+01
6.438201883456533e-06	1.061717e+02
6.478201883456532e-06	1.293375e+02
6.518201883456533e-06	1.513026e+02
6.558201883456533e-06	1.719309e+02
6.598201883456533e-06	1.911055e+02
6.638201883456533e-06	2.087261e+02
6.678201883456533e-06	2.248501e+02
6.704999999999999e-06	2.348926e+02
6.708000000000000e-06	2.359421e+02
6.712000000000000e-06	2.373124e+02
6.728999999999999e-06	2.429724e+02
6.745000000000000e-06	2.479994e+02
6.745999999999999e-06	2.483037e+02
6.746600000000000e-06	2.484858e+02
6.747240000000000e-06	2.486794e+02
6.748520000000000e-06	2.490648e+02
6.751080000000001e-06	2.498292e+02
6.760824931003430e-06	2.526820e+02
6.761922341564193e-06	2.529962e+02
6.762196694204383e-06	2.530745e+02
6.762265282364431e-06	2.530941e+02
6.762282429404443e-06	2.530990e+02
6.762316723484468e-06	2.531087e+02
6.762325297004473e-06	2.531112e+02
6.762327440384474e-06	2.531118e+02
6.762331727144478e-06	2.531130e+02
6.762340300664483e-06	2.531155e+02
6.762342444044485e-06	2.531161e+02
6.762346730804488e-06	2.531173e+02
6.762355304324494e-06	2.531197e+02
6.762372451364506e-06	2.531246e+02
6.762406745444530e-06	2.531344e+02
6.762459740707091e-06	2.531495e+02
6.762543933810645e-06	2.531735e+02
6.762634310838462e-06	2.531992e+02
6.762815064894099e-06	2.532507e+02
6.763547571743183e-06	2.534587e+02
6.764391257714465e-06	2.536974e+02
6.766078629657030e-06	2.541716e+02
6.769453373542156e-06	2.551101e+02
6.773710694582275e-06	2.562775e+02
6.777866696425615e-06	2.573982e+02
6.781757464027722e-06	2.584307e+02
6.784226062591731e-06	2.590765e+02
6.786499469488032e-06	2.596645e+02
6.788170478284489e-06	2.600926e+02
6.790065422497948e-06	2.605737e+02
6.792196086197781e-06	2.611101e+02
6.793753640364829e-06	2.614992e+02
6.794723572864314e-06	2.617399e+02
6.795436545585095e-06	2.619162e+02
6.795924857299757e-06	2.620365e+02
6.796365090662562e-06	2.621447e+02
6.796834811904869e-06	2.622598e+02
6.797495460905638e-06	2.624213e+02
6.798584936133686e-06	2.626865e+02
6.799706535548225e-06	2.629581e+02
6.800788781835467e-06	2.632189e+02
6.801785841946257e-06	2.634579e+02
6.802815715131958e-06	2.637036e+02
6.803837934690537e-06	2.639461e+02
6.804884567066795e-06	2.641932e+02
6.805911316462948e-06	2.644344e+02
6.806949869540191e-06	2.646770e+02
6.807976620354065e-06	2.649156e+02
6.809013984969852e-06	2.651554e+02
6.810043208186394e-06	2.653921e+02
6.811079337276961e-06	2.656291e+02
6.812109470361465e-06	2.658635e+02
6.813144546836246e-06	2.660977e+02
6.814175493739397e-06	2.663298e+02
6.815209940354673e-06	2.665613e+02
6.816241451924395e-06	2.667911e+02
6.816703833430061e-06	2.668938e+02
6.816959040193745e-06	2.669503e+02
6.817222450137841e-06	2.670085e+02
6.817386183975221e-06	2.670446e+02
6.817545438124219e-06	2.670798e+02
6.817792966524287e-06	2.671343e+02
6.818288023324423e-06	2.672430e+02
6.818997113830871e-06	2.673983e+02
6.820104556608259e-06	2.676397e+02
6.821215243858976e-06	2.678804e+02
6.822354219478282e-06	2.681259e+02
6.823023351360689e-06	2.682695e+02
6.823458439447812e-06	2.683625e+02
6.823615732385164e-06	2.683961e+02
6.823704576891626e-06	2.684150e+02
6.823789816716197e-06	2.684332e+02
6.823960296365337e-06	2.684695e+02
6.824251587651202e-06	2.685314e+02
6.824834170222930e-06	2.686548e+02
6.825740585216070e-06	2.688461e+02
6.826990669486315e-06	2.691083e+02
6.828609584042769e-06	2.694450e+02
6.830704087405369e-06	2.698760e+02
6.833192513658908e-06	2.703813e+02
6.835992367724375e-06	2.709420e+02
6.838055969557632e-06	2.713491e+02
6.840514758215469e-06	2.718281e+02
6.841514758215470e-06	2.720211e+02
6.842029516430941e-06	2.721198e+02
6.842206615016589e-06	2.721537e+02
6.842442746464121e-06	2.721987e+02
6.842527737104936e-06	2.722149e+02
6.843000000000000e-06	2.723048e+02
6.843142857142857e-06	2.723319e+02
6.843285714285714e-06	2.723591e+02
6.843428571428572e-06	2.723861e+02
6.843571428571428e-06	2.724132e+02
6.843714285714285e-06	2.724402e+02
6.843857142857143e-06	2.724672e+02
6.844000000000000e-06	2.724942e+02
6.844068604196158e-06	2.725072e+02
6.844137208392316e-06	2.725201e+02
6.844205812588474e-06	2.725331e+02
6.844274416784632e-06	2.725460e+02
6.844343020980790e-06	2.725589e+02
6.844411625176948e-06	2.725718e+02
6.844480229373106e-06	2.725847e+02
6.844964240079859e-06	2.726756e+02
6.845932261493364e-06	2.728565e+02
6.847116559396181e-06	2.730764e+02
6.848509167014318e-06	2.733329e+02
6.849825533779211e-06	2.735734e+02
6.850827601540334e-06	2.737553e+02
6.851306418453647e-06	2.738417e+02
6.851510263381543e-06	2.738784e+02
6.851678315037327e-06	2.739086e+02
6.851782080676866e-06	2.739272e+02
6.851842381969769e-06	2.739381e+02
6.851911763347669e-06	2.739505e+02
6.851972066845927e-06	2.739613e+02
6.852037168348716e-06	2.739730e+02
6.852112911237121e-06	2.739866e+02
6.852196552954581e-06	2.740015e+02
6.852311686378164e-06	2.740221e+02
6.852434172368384e-06	2.740440e+02
6.852679144348824e-06	2.740877e+02
6.852931583894572e-06	2.741327e+02
6.853277791096010e-06	2.741942e+02
6.853873256624299e-06	2.742997e+02
6.854949643719658e-06	2.744889e+02
6.857102417910374e-06	2.748646e+02
6.857519126613329e-06	2.749367e+02
6.858352544019240e-06	2.750801e+02
6.858560898370718e-06	2.751159e+02
6.858977607073672e-06	2.751870e+02
6.859811024479583e-06	2.753290e+02
6.860071467418929e-06	2.753732e+02
6.860175644594669e-06	2.753908e+02
6.860201688888603e-06	2.753953e+02
6.860253777476473e-06	2.754041e+02
6.860357954652211e-06	2.754217e+02
6.860566309003689e-06	2.754569e+02
6.860983017706644e-06	2.755271e+02
6.861515579220387e-06	2.756165e+02
6.862128034586134e-06	2.757190e+02
6.862561223066457e-06	2.757912e+02
6.862999053972879e-06	2.758640e+02
6.863289640937846e-06	2.759122e+02
6.863589677611904e-06	2.759618e+02
6.864048597614967e-06	2.760374e+02
6.864966437621094e-06	2.761878e+02
6.866040428716061e-06	2.763626e+02
6.867291691315326e-06	2.765646e+02
6.868584286930051e-06	2.767713e+02
6.869742520077186e-06	2.769549e+02
6.870761229649173e-06	2.771152e+02
6.871217622907310e-06	2.771866e+02
6.871468290427136e-06	2.772257e+02
6.871621539284925e-06	2.772495e+02
6.871772670756086e-06	2.772730e+02
6.871999158032360e-06	2.773081e+02
6.872223265954264e-06	2.773428e+02
6.872671481798072e-06	2.774120e+02
6.873140518337939e-06	2.774842e+02
6.873875215881136e-06	2.775967e+02
6.874439674986053e-06	2.776827e+02
6.875016991095324e-06	2.777703e+02
6.875622689931950e-06	2.778617e+02
6.876250739286794e-06	2.779559e+02
6.877413186096960e-06	2.781290e+02
6.878780201536536e-06	2.783301e+02
6.881458885975487e-06	2.787186e+02
6.883172611187369e-06	2.789636e+02
6.884184226820648e-06	2.791062e+02
6.885101353629514e-06	2.792344e+02
6.885509830125587e-06	2.792912e+02
6.886061302381929e-06	2.793673e+02
6.887164246894614e-06	2.795185e+02
6.888204176473788e-06	2.796598e+02
6.889519241002276e-06	2.798363e+02
6.891389321524171e-06	2.800837e+02
6.893443780953913e-06	2.803508e+02
6.895796295285437e-06	2.806501e+02
6.898481509560593e-06	2.809834e+02
6.901590625951317e-06	2.813587e+02
6.904712510751277e-06	2.817241e+02
6.907673161742103e-06	2.820595e+02
6.910802769547400e-06	2.824025e+02
6.913649945133794e-06	2.827043e+02
6.916418139193283e-06	2.829881e+02
6.918939875479194e-06	2.832385e+02
6.921414403920859e-06	2.834764e+02
6.923874301160967e-06	2.837051e+02
6.926699774350961e-06	2.839580e+02
6.930278348303525e-06	2.842634e+02
6.934898672764439e-06	2.846329e+02
6.941251355116686e-06	2.850952e+02
6.950074152724117e-06	2.856458e+02
6.963787603071094e-06	2.862789e+02
6.987251468586667e-06	2.867326e+02
7.027251468586667e-06	2.860334e+02
7.067251468586668e-06	2.835147e+02
7.107251468586668e-06	2.789452e+02
7.147251468586668e-06	2.723017e+02
7.187251468586667e-06	2.635678e+02
7.227251468586668e-06	2.531880e+02
7.236217522869458e-06	2.504915e+02
7.245183577152248e-06	2.476873e+02
7.254149631435039e-06	2.447752e+02
7.263115685717828e-06	2.417554e+02
7.272081740000619e-06	2.386279e+02
7.281047794283409e-06	2.353925e+02
7.290013848566199e-06	2.320495e+02
7.292742604466374e-06	2.310101e+02
7.298200116266725e-06	2.289048e+02
7.304168370461373e-06	2.265651e+02
7.310067578891132e-06	2.242125e+02
7.314523790237317e-06	2.224075e+02
7.318334004173593e-06	2.208435e+02
7.321808229831274e-06	2.194011e+02
7.325459647854573e-06	2.178706e+02
7.327469210506807e-06	2.170223e+02
7.328168191084844e-06	2.167259e+02
7.328177075624773e-06	2.167221e+02
7.328194844704629e-06	2.167146e+02
7.328225156684176e-06	2.167017e+02
7.328257528510410e-06	2.166879e+02
7.328305658353467e-06	2.166675e+02
7.328398815267757e-06	2.166279e+02
7.328548882374889e-06	2.165640e+02
7.328849016589155e-06	2.164362e+02
7.329449285017685e-06	2.161801e+02
7.330649821874745e-06	2.156670e+02
7.331504052440294e-06	2.153010e+02
7.332196665023315e-06	2.150036e+02
7.332519900988373e-06	2.148646e+02
7.333166372918488e-06	2.145860e+02
7.333905126154415e-06	2.142670e+02
7.335382632626272e-06	2.136264e+02
7.338337645569984e-06	2.123381e+02
7.341338061302001e-06	2.110203e+02
7.344683405894446e-06	2.095387e+02
7.347827416073451e-06	2.081355e+02
7.349872204345886e-06	2.072161e+02
7.352638723123945e-06	2.059619e+02
7.357475109726647e-06	2.037485e+02
7.362645657460943e-06	2.013557e+02
7.367602221125507e-06	1.990343e+02
7.372158563693162e-06	1.968753e+02
7.376825452629765e-06	1.946392e+02
7.381485090951660e-06	1.923825e+02
7.386244652350885e-06	1.900527e+02
7.390928822767149e-06	1.877358e+02
7.395652710436592e-06	1.853753e+02
7.400332577346637e-06	1.830133e+02
7.405052272084716e-06	1.806078e+02
7.409742510409096e-06	1.781944e+02
7.414458070379825e-06	1.757451e+02
7.419151436540283e-06	1.732839e+02
7.424765502328744e-06	1.703096e+02
7.431297711679444e-06	1.668091e+02
7.439400918527170e-06	1.624083e+02
7.449180213965813e-06	1.570125e+02
7.462076840754118e-06	1.497582e+02
7.479445280468785e-06	1.397469e+02
7.506054960151590e-06	1.239253e+02
7.546054960151590e-06	9.933770e+01
7.586054960151589e-06	7.398486e+01
7.626054960151590e-06	4.803019e+01
7.666054960151590e-06	2.174267e+01
7.706054960151590e-06	-4.611126e+00
7.746054960151590e-06	-3.077379e+01
7.786054960151589e-06	-5.650262e+01
7.826054960151591e-06	-8.157388e+01
7.866054960151590e-06	-1.057853e+02
7.906054960151590e-06	-1.289573e+02
7.946054960151591e-06	-1.509328e+02
7.986054960151591e-06	-1.719339e+02
7.986641609575654e-06	-1.722316e+02
7.987814908423781e-06	-1.728156e+02
7.999328751350626e-06	-1.784886e+02
8.010842594277473e-06	-1.840328e+02
8.022356437204319e-06	-1.894481e+02
8.033870280131164e-06	-1.947344e+02
8.045384123058009e-06	-1.998919e+02
8.056897965984856e-06	-2.049204e+02
8.068411808911702e-06	-2.098201e+02
8.071411808911701e-06	-2.110768e+02
8.072011808911701e-06	-2.113259e+02
8.073211808911702e-06	-2.118234e+02
8.076811808911701e-06	-2.133051e+02
8.081611808911698e-06	-2.152540e+02
8.091211808911696e-06	-2.190844e+02
8.101211808911697e-06	-2.229832e+02
8.111211808911695e-06	-2.267764e+02
8.121211808911697e-06	-2.304617e+02
8.131211808911695e-06	-2.340538e+02
8.135540643214858e-06	-2.355770e+02
8.137989961200678e-06	-2.364266e+02
8.139408344776031e-06	-2.369151e+02
8.140129885356751e-06	-2.371626e+02
8.140885694050284e-06	-2.374210e+02
8.141684300840529e-06	-2.376932e+02
8.143281514421019e-06	-2.382354e+02
8.145267453593241e-06	-2.389056e+02
8.147826573608226e-06	-2.397626e+02
8.151084639728186e-06	-2.408425e+02
8.155527142233793e-06	-2.422942e+02
8.162024045878457e-06	-2.443903e+02
8.162569303328223e-06	-2.445643e+02
8.163659818227758e-06	-2.449091e+02
8.165840848026824e-06	-2.455946e+02
8.168637940401865e-06	-2.464682e+02
8.169637940401865e-06	-2.467785e+02
8.171000000000000e-06	-2.471987e+02
8.171999999999999e-06	-2.475059e+02
8.173000000000000e-06	-2.478122e+02
8.173100000000000e-06	-2.478428e+02
8.173300000000000e-06	-2.479038e+02
8.173599999999999e-06	-2.479953e+02
8.174000000000000e-06	-2.481171e+02
8.174039999999999e-06	-2.481293e+02
8.174120000000000e-06	-2.481536e+02
8.174279999999999e-06	-2.482023e+02
8.174600000000000e-06	-2.482994e+02
8.175240000000000e-06	-2.484934e+02
8.176520000000000e-06	-2.488794e+02
8.179080000000000e-06	-2.496451e+02
8.183506706178284e-06	-2.509526e+02
8.188276225723049e-06	-2.523444e+02
8.188824931003431e-06	-2.525028e+02
8.189922341564194e-06	-2.528174e+02
8.190196694204384e-06	-2.528959e+02
8.190265282364431e-06	-2.529156e+02
8.190282429404443e-06	-2.529204e+02
8.190316723484466e-06	-2.529302e+02
8.190325297004473e-06	-2.529327e+02
8.190327440384475e-06	-2.529333e+02
8.190331727144478e-06	-2.529345e+02
8.190340300664483e-06	-2.529370e+02
8.190342444044485e-06	-2.529376e+02
8.190346730804488e-06	-2.529388e+02
8.190355304324493e-06	-2.529413e+02
8.190372451364507e-06	-2.529462e+02
8.190406745444530e-06	-2.529559e+02
8.190459741338033e-06	-2.529711e+02
8.190543935910417e-06	-2.529951e+02
8.190634314410755e-06	-2.530209e+02
8.190815071411429e-06	-2.530724e+02
8.191547907784227e-06	-2.532809e+02
8.192392262433304e-06	-2.535202e+02
8.194080971731456e-06	-2.539956e+02
8.197458390327760e-06	-2.549366e+02
8.201716410229325e-06	-2.561063e+02
8.205872053346857e-06	-2.572290e+02
8.209759538578024e-06	-2.582625e+02
8.212227436400468e-06	-2.589094e+02
8.214497560339046e-06	-2.594977e+02
8.216166261504629e-06	-2.599261e+02
8.218060332605899e-06	-2.604079e+02
8.220192878028269e-06	-2.609459e+02
8.221750322107856e-06	-2.613357e+02
8.222720420660854e-06	-2.615771e+02
8.223433613875911e-06	-2.617537e+02
8.223921896642644e-06	-2.618743e+02
8.224362296656562e-06	-2.619827e+02
8.224832142329467e-06	-2.620981e+02
8.225492487184484e-06	-2.622599e+02
8.226581479189195e-06	-2.625255e+02
8.227703267448424e-06	-2.627978e+02
8.228785486662072e-06	-2.630591e+02
8.229782669430866e-06	-2.632987e+02
8.230812435525626e-06	-2.635448e+02
8.231834714430757e-06	-2.637879e+02
8.232881285615708e-06	-2.640355e+02
8.233908090121174e-06	-2.642772e+02
8.234946600891418e-06	-2.645203e+02
8.235973387102346e-06	-2.647595e+02
8.237010720500502e-06	-2.649999e+02
8.238039969227241e-06	-2.652371e+02
8.239076076912243e-06	-2.654746e+02
8.240106228063652e-06	-2.657095e+02
8.241141289317022e-06	-2.659443e+02
8.242172248903566e-06	-2.661768e+02
8.243206684808803e-06	-2.664089e+02
8.244238205351903e-06	-2.666393e+02
8.244698633367897e-06	-2.667417e+02
8.244965442161528e-06	-2.668009e+02
8.245228295216656e-06	-2.668591e+02
8.245380005451766e-06	-2.668927e+02
8.245542988375525e-06	-2.669287e+02
8.245805303954400e-06	-2.669866e+02
8.246329935112148e-06	-2.671021e+02
8.247244153654640e-06	-2.673026e+02
8.248420623214861e-06	-2.675593e+02
8.249504330847390e-06	-2.677943e+02
8.250689521673090e-06	-2.680500e+02
8.251351124993355e-06	-2.681920e+02
8.251608226350086e-06	-2.682470e+02
8.251782086947719e-06	-2.682842e+02
8.251952845803691e-06	-2.683206e+02
8.252193197833614e-06	-2.683719e+02
8.252640538842810e-06	-2.684670e+02
8.253535220861204e-06	-2.686564e+02
8.254634228310628e-06	-2.688879e+02
8.256244780883558e-06	-2.692244e+02
8.258136992970569e-06	-2.696157e+02
8.260656208089293e-06	-2.701301e+02
8.263441199567059e-06	-2.706907e+02
8.265806561116532e-06	-2.711596e+02
8.268387406678541e-06	-2.716644e+02
8.269522356080462e-06	-2.718843e+02
8.269730101196156e-06	-2.719242e+02
8.270145591427542e-06	-2.720038e+02
8.270976571890315e-06	-2.721624e+02
8.272000000000000e-06	-2.723571e+02
8.272142857142856e-06	-2.723841e+02
8.272285714285714e-06	-2.724111e+02
8.272428571428571e-06	-2.724381e+02
8.272571428571429e-06	-2.724651e+02
8.272714285714286e-06	-2.724920e+02
8.272857142857144e-06	-2.725189e+02
8.273000000000000e-06	-2.725458e+02
8.273390654421613e-06	-2.726192e+02
8.273793910598761e-06	-2.726947e+02
8.274600422953058e-06	-2.728450e+02
8.275754033751995e-06	-2.730589e+02
8.276910060774620e-06	-2.732716e+02
8.278492227515427e-06	-2.735605e+02
8.279155892362163e-06	-2.736809e+02
8.279782678744799e-06	-2.737940e+02
8.279999580471922e-06	-2.738331e+02
8.280125933084553e-06	-2.738558e+02
8.280261394962508e-06	-2.738801e+02
8.280322462477080e-06	-2.738910e+02
8.280395847840762e-06	-2.739042e+02
8.280462844935637e-06	-2.739162e+02
8.280541118267294e-06	-2.739302e+02
8.280612903152894e-06	-2.739431e+02
8.280709351797809e-06	-2.739603e+02
8.280809974857016e-06	-2.739783e+02
8.280947803696652e-06	-2.740029e+02
8.281093465936775e-06	-2.740289e+02
8.281352337734274e-06	-2.740750e+02
8.281613471624695e-06	-2.741215e+02
8.281993293774047e-06	-2.741889e+02
8.282598674977730e-06	-2.742958e+02
8.283704525078503e-06	-2.744898e+02
8.285916225280046e-06	-2.748748e+02
8.286310535883922e-06	-2.749429e+02
8.287099157091674e-06	-2.750779e+02
8.288676399507177e-06	-2.753465e+02
8.288983446655587e-06	-2.753985e+02
8.289060208442691e-06	-2.754115e+02
8.289213732016895e-06	-2.754373e+02
8.289252112910446e-06	-2.754438e+02
8.289328874697548e-06	-2.754567e+02
8.289482398271754e-06	-2.754826e+02
8.289789445420164e-06	-2.755341e+02
8.290152709848280e-06	-2.755950e+02
8.290667741454232e-06	-2.756810e+02
8.291214023126532e-06	-2.757720e+02
8.291601211505352e-06	-2.758363e+02
8.291972640162119e-06	-2.758977e+02
8.292286012559693e-06	-2.759494e+02
8.292634071365103e-06	-2.760067e+02
8.293189939177183e-06	-2.760978e+02
8.294301674801343e-06	-2.762788e+02
8.295637099331752e-06	-2.764946e+02
8.296842484921002e-06	-2.766875e+02
8.298005586001748e-06	-2.768720e+02
8.299142010133790e-06	-2.770509e+02
8.299767820317570e-06	-2.771487e+02
8.300082483428648e-06	-2.771977e+02
8.300260288225859e-06	-2.772254e+02
8.300355119387301e-06	-2.772401e+02
8.300447000130212e-06	-2.772543e+02
8.300554098116772e-06	-2.772709e+02
8.300876911349871e-06	-2.773208e+02
8.301307328994004e-06	-2.773871e+02
8.301767425463615e-06	-2.774578e+02
8.302302373024113e-06	-2.775396e+02
8.302930362849421e-06	-2.776352e+02
8.303718947844248e-06	-2.777546e+02
8.304280426646599e-06	-2.778392e+02
8.304901252520937e-06	-2.779322e+02
8.305903754797396e-06	-2.780813e+02
8.307078501707376e-06	-2.782544e+02
8.309019870651766e-06	-2.785365e+02
8.311354558549684e-06	-2.788711e+02
8.312529214995635e-06	-2.790373e+02
8.313118304119662e-06	-2.791198e+02
8.313620043584232e-06	-2.791897e+02
8.314217849880634e-06	-2.792725e+02
8.314764737044872e-06	-2.793478e+02
8.315601428430078e-06	-2.794624e+02
8.316512467577051e-06	-2.795861e+02
8.317857673475723e-06	-2.797669e+02
8.319340445713952e-06	-2.799635e+02
8.321254724746882e-06	-2.802133e+02
8.323574151536324e-06	-2.805103e+02
8.326002321785013e-06	-2.808139e+02
8.329003855670667e-06	-2.811791e+02
8.332394687762844e-06	-2.815792e+02
8.335471105339469e-06	-2.819309e+02
8.338039397279615e-06	-2.822156e+02
8.340350546050529e-06	-2.824647e+02
8.342338240882325e-06	-2.826736e+02
8.344187278971091e-06	-2.828635e+02
8.346040680538468e-06	-2.830495e+02
8.347735979092242e-06	-2.832157e+02
8.350005840504641e-06	-2.834326e+02
8.352258654276270e-06	-2.836416e+02
8.355036935158857e-06	-2.838910e+02
8.357559667293298e-06	-2.841094e+02
8.360453290954164e-06	-2.843490e+02
8.364269082389142e-06	-2.846470e+02
8.370452284495388e-06	-2.850882e+02
8.379359037118848e-06	-2.856310e+02
8.394067068683682e-06	-2.862813e+02
8.418126620599656e-06	-2.866863e+02
8.458126620599655e-06	-2.858654e+02
8.498126620599657e-06	-2.832155e+02
8.538126620599656e-06	-2.785129e+02
8.578126620599656e-06	-2.717352e+02
8.618126620599657e-06	-2.628669e+02
8.658126620599657e-06	-2.519055e+02
8.698126620599656e-06	-2.388683e+02
8.738126620599656e-06	-2.237978e+02
8.778126620599656e-06	-2.067671e+02
8.818126620599657e-06	-1.878827e+02
8.858126620599656e-06	-1.672864e+02
8.898126620599656e-06	-1.451536e+02
8.938126620599657e-06	-1.216909e+02
8.978126620599657e-06	-9.713071e+01
9.018126620599657e-06	-7.172510e+01
9.058126620599656e-06	-4.573845e+01
9.098126620599656e-06	-1.943979e+01
9.138126620599657e-06	6.904644e+00
9.178126620599657e-06	3.303805e+01
9.218126620599656e-06	5.871864e+01
9.258126620599658e-06	8.372375e+01
9.298126620599657e-06	1.078524e+02
9.338126620599657e-06	1.309265e+02
9.378126620599657e-06	1.527901e+02
9.418126620599656e-06	1.733086e+02
9.458126620599658e-06	1.923663e+02
9.498126620599657e-06	2.098638e+02
9.538126620599657e-06	2.258913e+02
9.562000000000001e-06	2.347975e+02
9.565000000000001e-06	2.358458e+02
9.569000000000001e-06	2.372157e+02
9.585999999999999e-06	2.428736e+02
9.602000000000001e-06	2.478987e+02
9.602999999999999e-06	2.482030e+02
9.603600000000001e-06	2.483850e+02
9.604240000000000e-06	2.485785e+02
9.605519999999999e-06	2.489638e+02
9.608080000000001e-06	2.497279e+02
9.617824931003430e-06	2.525797e+02
9.618922341564193e-06	2.528937e+02
9.619196694204385e-06	2.529720e+02
9.619265282364432e-06	2.529916e+02
9.619282429404444e-06	2.529965e+02
9.619316723484467e-06	2.530063e+02
9.619325297004472e-06	2.530087e+02
9.619327440384476e-06	2.530093e+02
9.619331727144478e-06	2.530105e+02
9.619340300664484e-06	2.530130e+02
9.619342444044486e-06	2.530136e+02
9.619346730804489e-06	2.530148e+02
9.619355304324494e-06	2.530173e+02
9.619372451364506e-06	2.530221e+02
9.619406745444530e-06	2.530319e+02
9.619459740588698e-06	2.530470e+02
9.619543933738527e-06	2.530710e+02
9.619634310778963e-06	2.530967e+02
9.619815064859837e-06	2.531481e+02
9.620547724748328e-06	2.533561e+02
9.621391724728048e-06	2.535948e+02
9.623079724687492e-06	2.540690e+02
9.626455724606376e-06	2.550075e+02
9.630713373914044e-06	2.561746e+02
9.634869207306547e-06	2.572948e+02
9.638758424520093e-06	2.583264e+02
9.641226711565550e-06	2.589720e+02
9.643498460505126e-06	2.595593e+02
9.645168311758096e-06	2.599870e+02
9.647062824330279e-06	2.604678e+02
9.649194454172510e-06	2.610042e+02
9.650751761391621e-06	2.613931e+02
9.651721685858803e-06	2.616338e+02
9.652434806816018e-06	2.618100e+02
9.652923058043451e-06	2.619302e+02
9.653363449845136e-06	2.620384e+02
9.653833285138037e-06	2.621536e+02
9.654493588530833e-06	2.623149e+02
9.655583268123629e-06	2.625800e+02
9.656704697524188e-06	2.628516e+02
9.657787123723557e-06	2.631123e+02
9.658784056651345e-06	2.633512e+02
9.659814035525023e-06	2.635968e+02
9.660836160899271e-06	2.638392e+02
9.661882873066405e-06	2.640862e+02
9.662909558341523e-06	2.643273e+02
9.663948166784188e-06	2.645698e+02
9.664974871446556e-06	2.648084e+02
9.666012274922834e-06	2.650481e+02
9.667041465722827e-06	2.652847e+02
9.668077622284446e-06	2.655216e+02
9.669107732471746e-06	2.657559e+02
9.670142828263299e-06	2.659901e+02
9.671173758999362e-06	2.662220e+02
9.672208219234633e-06	2.664535e+02
9.673239719402766e-06	2.666832e+02
9.673700644906172e-06	2.667855e+02
9.673963127063891e-06	2.668436e+02
9.674227381624464e-06	2.669020e+02
9.674377490883185e-06	2.669351e+02
9.674542060138436e-06	2.669714e+02
9.674793985583626e-06	2.670268e+02
9.675297836474003e-06	2.671375e+02
9.676118702088937e-06	2.673171e+02
9.677257907817824e-06	2.675651e+02
9.678359318542661e-06	2.678036e+02
9.679515090428467e-06	2.680524e+02
9.680189666611447e-06	2.681970e+02
9.680497087076712e-06	2.682626e+02
9.680801232097266e-06	2.683275e+02
9.680953432804316e-06	2.683599e+02
9.681102910082771e-06	2.683917e+02
9.681401864639682e-06	2.684551e+02
9.681999773753505e-06	2.685816e+02
9.683004734502905e-06	2.687934e+02
9.684327409084190e-06	2.690702e+02
9.686088100346430e-06	2.694354e+02
9.688282740041062e-06	2.698855e+02
9.690868125085045e-06	2.704084e+02
9.693643346959638e-06	2.709616e+02
9.695945883907903e-06	2.714141e+02
9.697658943689204e-06	2.717468e+02
9.698658943689203e-06	2.719394e+02
9.699000000000000e-06	2.720047e+02
9.699317887378406e-06	2.720655e+02
9.699364225243187e-06	2.720743e+02
9.699456900972748e-06	2.720920e+02
9.699642252431871e-06	2.721273e+02
9.700000000000000e-06	2.721953e+02
9.700142857142857e-06	2.722224e+02
9.700285714285715e-06	2.722496e+02
9.700428571428571e-06	2.722766e+02
9.700571428571430e-06	2.723037e+02
9.700714285714286e-06	2.723307e+02
9.700857142857144e-06	2.723577e+02
9.701000000000001e-06	2.723847e+02
9.701455871511710e-06	2.724706e+02
9.701926448556056e-06	2.725589e+02
9.702867602644746e-06	2.727348e+02
9.704024623789746e-06	2.729496e+02
9.705410068712708e-06	2.732049e+02
9.706666065481974e-06	2.734345e+02
9.707672422887964e-06	2.736172e+02
9.708155621590485e-06	2.737045e+02
9.708442526190184e-06	2.737562e+02
9.708624590118299e-06	2.737889e+02
9.708729171596353e-06	2.738077e+02
9.708851866262513e-06	2.738297e+02
9.708941911787589e-06	2.738459e+02
9.709041271180903e-06	2.738636e+02
9.709144784557029e-06	2.738822e+02
9.709260632617957e-06	2.739029e+02
9.709389635507513e-06	2.739259e+02
9.709628349244223e-06	2.739686e+02
9.709890280619404e-06	2.740152e+02
9.710201578439023e-06	2.740706e+02
9.710701879422219e-06	2.741593e+02
9.711475219494406e-06	2.742956e+02
9.713021899638780e-06	2.745656e+02
9.715863486762017e-06	2.750570e+02
9.716215435159343e-06	2.751172e+02
9.716919331953996e-06	2.752369e+02
9.717095306152659e-06	2.752668e+02
9.717139299702326e-06	2.752742e+02
9.717227286801657e-06	2.752891e+02
9.717249283576490e-06	2.752928e+02
9.717293277126155e-06	2.753003e+02
9.717381264225488e-06	2.753152e+02
9.717557238424151e-06	2.753448e+02
9.717909186821477e-06	2.754042e+02
9.718390060427003e-06	2.754849e+02
9.718931816928139e-06	2.755757e+02
9.719321004810640e-06	2.756407e+02
9.719703640085506e-06	2.757044e+02
9.720030943008499e-06	2.757587e+02
9.720331349665098e-06	2.758084e+02
9.720634901153903e-06	2.758586e+02
9.721198411374829e-06	2.759513e+02
9.722325431816680e-06	2.761356e+02
9.723568983372079e-06	2.763374e+02
9.724780020791068e-06	2.765320e+02
9.726209498835666e-06	2.767596e+02
9.727281375952615e-06	2.769289e+02
9.727912300948977e-06	2.770279e+02
9.728222124858001e-06	2.770763e+02
9.728387108943168e-06	2.771020e+02
9.728574354005974e-06	2.771311e+02
9.728685994967480e-06	2.771485e+02
9.729029666634812e-06	2.772018e+02
9.729487895524589e-06	2.772726e+02
9.729959042009132e-06	2.773452e+02
9.730549238239521e-06	2.774357e+02
9.731076053211221e-06	2.775161e+02
9.731755018449234e-06	2.776194e+02
9.732226410904203e-06	2.776907e+02
9.732823539415909e-06	2.777806e+02
9.733925462325436e-06	2.779452e+02
9.735305579630868e-06	2.781490e+02
9.737853054701159e-06	2.785195e+02
9.740238453140559e-06	2.788610e+02
9.741340863904861e-06	2.790166e+02
9.742094306052504e-06	2.791219e+02
9.742480894716625e-06	2.791756e+02
9.742973653244746e-06	2.792436e+02
9.743959170300988e-06	2.793788e+02
9.744984745118614e-06	2.795183e+02
9.746239157467845e-06	2.796871e+02
9.748077172159629e-06	2.799308e+02
9.750087255926901e-06	2.801928e+02
9.752455134769961e-06	2.804949e+02
9.755280175197898e-06	2.808464e+02
9.758467786558838e-06	2.812318e+02
9.761583509405420e-06	2.815970e+02
9.764548518864126e-06	2.819333e+02
9.767671935005036e-06	2.822760e+02
9.770540287177502e-06	2.825804e+02
9.773326374362003e-06	2.828664e+02
9.775881427115229e-06	2.831202e+02
9.778403899724727e-06	2.833628e+02
9.780929393151621e-06	2.835975e+02
9.783867988442942e-06	2.838600e+02
9.787551204893960e-06	2.841732e+02
9.792381525167870e-06	2.845571e+02
9.798925827073827e-06	2.850282e+02
9.808230874542657e-06	2.855972e+02
9.822565850974133e-06	2.862252e+02
9.848291124907828e-06	2.866350e+02
9.888291124907827e-06	2.857632e+02
9.928291124907827e-06	2.830424e+02
9.968291124907828e-06	2.783777e+02
9.999999999999999e-06	2.735360e+02
