0.000000000000000e+00	1.396861e+02
7.751711452357958e-09	1.397110e+02
2.325513435707430e-08	1.397648e+02
5.426198016650698e-08	1.398864e+02
9.426198016650702e-08	1.400636e+02
1.342619801665071e-07	1.402619e+02
1.742619801665071e-07	1.404832e+02
2.142619801665071e-07	1.407325e+02
2.542619801665072e-07	1.410188e+02
2.942619801665072e-07	1.413523e+02
3.342619801665073e-07	1.417434e+02
3.742619801665073e-07	1.422001e+02
4.142619801665073e-07	1.427279e+02
4.542619801665074e-07	1.433287e+02
4.942619801665074e-07	1.440019e+02
5.342619801665075e-07	1.447443e+02
5.742619801665075e-07	1.455510e+02
6.142619801665075e-07	1.464149e+02
6.542619801665076e-07	1.473274e+02
6.942619801665076e-07	1.482783e+02
7.342619801665077e-07	1.492557e+02
7.742619801665077e-07	1.502466e+02
8.142619801665077e-07	1.512371e+02
8.542619801665078e-07	1.522126e+02
8.942619801665078e-07	1.531582e+02
9.342619801665079e-07	1.540590e+02
9.742619801665079e-07	1.549114e+02
9.909999999999999e-07	1.552502e+02
9.975239603330159e-07	1.553765e+02
1.013571880999048e-06	1.556781e+02
1.031000000000000e-06	1.559888e+02
1.032000000000000e-06	1.560060e+02
1.032600000000000e-06	1.560164e+02
1.033240000000000e-06	1.560274e+02
1.034520000000000e-06	1.560494e+02
1.037080000000000e-06	1.560929e+02
1.046824931003430e-06	1.562556e+02
1.047922341564193e-06	1.562736e+02
1.048196694204384e-06	1.562782e+02
1.048265282364432e-06	1.562796e+02
1.048282429404443e-06	1.562807e+02
1.048316723484467e-06	1.562850e+02
1.048325297004473e-06	1.562871e+02
1.048327440384475e-06	1.562878e+02
1.048331727144478e-06	1.562898e+02
1.048340300664484e-06	1.562944e+02
1.048342444044485e-06	1.562958e+02
1.048346730804488e-06	1.562991e+02
1.048355304324494e-06	1.563070e+02
1.048372451364506e-06	1.563237e+02
1.048406745444530e-06	1.563492e+02
1.048459737601961e-06	1.563696e+02
1.048543926547628e-06	1.563829e+02
1.048634299072820e-06	1.563886e+02
1.048815044123204e-06	1.563928e+02
1.049547900483958e-06	1.564001e+02
1.050392320086320e-06	1.564076e+02
1.052081159291043e-06	1.564212e+02
1.055458837700490e-06	1.564420e+02
1.059716925450834e-06	1.564471e+02
1.063872533720373e-06	1.563847e+02
1.067759800445827e-06	1.561089e+02
1.070227561070429e-06	1.555125e+02
1.072497616326187e-06	1.544310e+02
1.074166341420302e-06	1.534254e+02
1.076060351644408e-06	1.522648e+02
1.078192569178685e-06	1.509638e+02
1.079751903698224e-06	1.497934e+02
1.080722883336574e-06	1.486848e+02
1.081435717241626e-06	1.477559e+02
1.081924437594608e-06	1.473010e+02
1.082364112658663e-06	1.470195e+02
1.082833450737565e-06	1.466856e+02
1.083495639341560e-06	1.460969e+02
1.084580021517295e-06	1.448962e+02
1.085704532215270e-06	1.432835e+02
1.086784803053383e-06	1.412347e+02
1.087783915951320e-06	1.387532e+02
1.088812051751843e-06	1.354641e+02
1.089835593441230e-06	1.312981e+02
1.090881038738157e-06	1.259429e+02
1.091908780893478e-06	1.193970e+02
1.092946510845536e-06	1.112932e+02
1.093973949060375e-06	1.016170e+02
1.095010726298308e-06	9.008741e+01
1.096040436420013e-06	7.700614e+01
1.097076154431828e-06	6.280415e+01
1.098106631704779e-06	4.876302e+01
1.099141418029394e-06	3.601652e+01
1.100172607481958e-06	2.569216e+01
1.101206849650473e-06	1.845706e+01
1.102238532448985e-06	1.424649e+01
1.102700471647788e-06	1.343028e+01
1.102956388558173e-06	1.337013e+01
1.103220417655214e-06	1.349657e+01
1.103382144164994e-06	1.364653e+01
1.103539534133989e-06	1.385849e+01
1.103786838056969e-06	1.432032e+01
1.104281445902930e-06	1.563268e+01
1.104997863261681e-06	1.841910e+01
1.106104596240647e-06	2.449926e+01
1.107216408049906e-06	3.255656e+01
1.108353178312278e-06	4.251474e+01
1.109026088750468e-06	4.898000e+01
1.109504742319883e-06	5.358507e+01
1.109685563324705e-06	5.516530e+01
1.109798993605863e-06	5.602425e+01
1.109909767623252e-06	5.675244e+01
1.110074821124182e-06	5.765677e+01
1.110347010026937e-06	5.869687e+01
1.110891387832448e-06	5.949771e+01
1.111669471217165e-06	5.830284e+01
1.112944134637761e-06	5.255575e+01
1.114456639406631e-06	4.286697e+01
1.116563945979353e-06	2.876542e+01
1.118977362552588e-06	1.551063e+01
1.121822111231955e-06	4.272737e+00
1.124063489777331e-06	-2.399290e+00
1.126599119320342e-06	-9.376069e+00
1.127599119320342e-06	-1.245402e+01
1.128000000000000e-06	-1.385711e+01
1.128198238640684e-06	-1.461159e+01
1.128594715922053e-06	-1.622095e+01
1.129000000000000e-06	-1.794494e+01
1.129142857142857e-06	-1.859658e+01
1.129285714285714e-06	-1.926864e+01
1.129428571428571e-06	-1.996114e+01
1.129571428571428e-06	-2.067407e+01
1.129714285714286e-06	-2.140744e+01
1.129857142857143e-06	-2.216123e+01
1.130000000000000e-06	-2.293546e+01
1.130416924693086e-06	-2.536343e+01
1.130847298569820e-06	-2.816366e+01
1.131708046323289e-06	-3.456705e+01
1.132792728484498e-06	-4.409931e+01
1.133909376309730e-06	-5.573800e+01
1.134964023547206e-06	-6.846955e+01
1.136316169492794e-06	-8.623025e+01
1.137031848751720e-06	-9.419740e+01
1.137420796636474e-06	-9.548466e+01
1.137575990770087e-06	-9.476199e+01
1.137740392126148e-06	-9.375738e+01
1.137818943016203e-06	-9.328225e+01
1.137879024171390e-06	-9.283977e+01
1.137945683565898e-06	-9.236487e+01
1.137995210234111e-06	-9.206127e+01
1.138063169678761e-06	-9.164885e+01
1.138138691144050e-06	-9.115553e+01
1.138227282662638e-06	-9.056885e+01
1.138366054999791e-06	-8.966894e+01
1.138497001566859e-06	-8.881881e+01
1.138728005864061e-06	-8.731206e+01
1.138962949086229e-06	-8.578529e+01
1.139361315368095e-06	-8.321560e+01
1.140158047931827e-06	-7.822075e+01
1.141580320614858e-06	-6.996238e+01
1.143226161390259e-06	-6.143462e+01
1.143589294651893e-06	-5.985143e+01
1.144315561175160e-06	-5.737566e+01
1.145768094221695e-06	-5.345270e+01
1.146024802300016e-06	-5.295118e+01
1.146088979319596e-06	-5.285965e+01
1.146217333358756e-06	-5.268636e+01
1.146249421868546e-06	-5.264560e+01
1.146313598888127e-06	-5.257038e+01
1.146441952927287e-06	-5.241553e+01
1.146698661005608e-06	-5.207468e+01
1.147020216357549e-06	-5.167534e+01
1.147479942066739e-06	-5.134065e+01
1.147969914562517e-06	-5.198147e+01
1.148389977246998e-06	-5.481596e+01
1.148806746300261e-06	-6.047776e+01
1.149098375232221e-06	-6.572145e+01
1.149393784104143e-06	-7.139565e+01
1.149771228421766e-06	-7.824979e+01
1.150517478427370e-06	-9.003744e+01
1.151579650931123e-06	-1.034340e+02
1.152836397078500e-06	-1.151074e+02
1.154066676590895e-06	-1.230344e+02
1.155354064984616e-06	-1.286307e+02
1.156411769001064e-06	-1.318140e+02
1.157023162599667e-06	-1.331667e+02
1.157326127403047e-06	-1.336906e+02
1.157487588063368e-06	-1.338878e+02
1.157621423854243e-06	-1.339807e+02
1.158179458711550e-06	-1.341805e+02
1.158698138236240e-06	-1.343530e+02
1.159176583671673e-06	-1.345253e+02
1.159909221802069e-06	-1.348484e+02
1.160494449167763e-06	-1.351919e+02
1.161075184998249e-06	-1.355994e+02
1.161748365160862e-06	-1.360923e+02
1.162394971822095e-06	-1.365680e+02
1.163603879481599e-06	-1.374565e+02
1.165017105609158e-06	-1.384889e+02
1.167661817585487e-06	-1.403476e+02
1.169204849382522e-06	-1.412410e+02
1.170154517579106e-06	-1.415520e+02
1.171031719154702e-06	-1.416484e+02
1.171420739386044e-06	-1.416603e+02
1.171982942223257e-06	-1.416658e+02
1.172941150025422e-06	-1.416644e+02
1.173988576639177e-06	-1.416541e+02
1.175257509168925e-06	-1.416340e+02
1.177091131345250e-06	-1.415984e+02
1.179114922419313e-06	-1.415549e+02
1.182165820235617e-06	-1.414858e+02
1.185508910017529e-06	-1.414093e+02
1.188618435194050e-06	-1.413390e+02
1.191947089225898e-06	-1.412656e+02
1.194958582707197e-06	-1.412009e+02
1.197980503794591e-06	-1.411378e+02
1.200722241317142e-06	-1.410821e+02
1.203382956998616e-06	-1.410294e+02
1.205793352973966e-06	-1.409828e+02
1.208128649043630e-06	-1.409387e+02
1.210435547056897e-06	-1.408963e+02
1.213191653812154e-06	-1.408469e+02
1.216643833519226e-06	-1.407870e+02
1.221248473364409e-06	-1.407107e+02
1.227441973769324e-06	-1.406141e+02
1.236291753459917e-06	-1.404882e+02
1.249667250483512e-06	-1.403247e+02
1.273099560630034e-06	-1.401073e+02
1.313099560630034e-06	-1.398742e+02
1.353099560630034e-06	-1.397764e+02
1.393099560630034e-06	-1.397907e+02
1.433099560630034e-06	-1.398789e+02
1.473099560630034e-06	-1.400139e+02
1.513099560630034e-06	-1.401785e+02
1.553099560630034e-06	-1.403644e+02
1.593099560630034e-06	-1.405709e+02
1.633099560630034e-06	-1.408029e+02
1.673099560630034e-06	-1.410691e+02
1.713099560630034e-06	-1.413803e+02
1.753099560630034e-06	-1.417473e+02
1.793099560630034e-06	-1.421790e+02
1.833099560630035e-06	-1.426815e+02
1.873099560630035e-06	-1.432577e+02
1.913099560630035e-06	-1.439074e+02
1.953099560630035e-06	-1.446277e+02
1.993099560630035e-06	-1.454141e+02
2.033099560630035e-06	-1.462600e+02
2.073099560630035e-06	-1.471571e+02
2.113099560630035e-06	-1.480954e+02
2.153099560630035e-06	-1.490634e+02
2.193099560630035e-06	-1.500482e+02
2.233099560630035e-06	-1.510362e+02
2.273099560630035e-06	-1.520128e+02
2.313099560630035e-06	-1.529632e+02
2.353099560630035e-06	-1.538723e+02
2.393099560630035e-06	-1.547319e+02
2.419000000000000e-06	-1.552611e+02
2.422000000000000e-06	-1.553193e+02
2.434000000000001e-06	-1.555458e+02
2.437428571428572e-06	-1.556098e+02
2.440857142857143e-06	-1.556730e+02
2.444285714285714e-06	-1.557355e+02
2.447714285714286e-06	-1.557973e+02
2.451142857142857e-06	-1.558584e+02
2.454571428571428e-06	-1.559188e+02
2.458000000000000e-06	-1.559784e+02
2.459000000000000e-06	-1.559957e+02
2.459600000000000e-06	-1.560061e+02
2.460000000000000e-06	-1.560129e+02
2.460600000000000e-06	-1.560233e+02
2.461240000000000e-06	-1.560342e+02
2.462520000000000e-06	-1.560561e+02
2.465080000000000e-06	-1.560994e+02
2.474824931003430e-06	-1.562615e+02
2.475922341564193e-06	-1.562794e+02
2.476196694204384e-06	-1.562840e+02
2.476265282364431e-06	-1.562854e+02
2.476282429404443e-06	-1.562864e+02
2.476316723484467e-06	-1.562908e+02
2.476325297004473e-06	-1.562928e+02
2.476327440384475e-06	-1.562936e+02
2.476331727144477e-06	-1.562956e+02
2.476340300664483e-06	-1.563002e+02
2.476342444044485e-06	-1.563016e+02
2.476346730804488e-06	-1.563049e+02
2.476355304324494e-06	-1.563128e+02
2.476372451364506e-06	-1.563295e+02
2.476406745444530e-06	-1.563550e+02
2.476459741473620e-06	-1.563754e+02
2.476543935358131e-06	-1.563886e+02
2.476634313270844e-06	-1.563944e+02
2.476815069096269e-06	-1.563986e+02
2.477547287799208e-06	-1.564058e+02
2.478390376588406e-06	-1.564132e+02
2.480076554166801e-06	-1.564267e+02
2.483448909323592e-06	-1.564473e+02
2.487705605648236e-06	-1.564524e+02
2.491861927825452e-06	-1.563902e+02
2.495755699050031e-06	-1.561153e+02
2.498224822884441e-06	-1.555201e+02
2.500501802228493e-06	-1.544362e+02
2.502175308590674e-06	-1.534280e+02
2.504071167808191e-06	-1.522663e+02
2.506199681357036e-06	-1.509676e+02
2.507758546798637e-06	-1.497976e+02
2.508728871437402e-06	-1.486898e+02
2.509441390622912e-06	-1.477612e+02
2.509930037023496e-06	-1.473063e+02
2.510369634360143e-06	-1.470247e+02
2.510838909018950e-06	-1.466910e+02
2.511501091247222e-06	-1.461024e+02
2.512588352745064e-06	-1.448985e+02
2.513711373404510e-06	-1.432878e+02
2.514792458009264e-06	-1.412374e+02
2.515790545161843e-06	-1.387586e+02
2.516819555792712e-06	-1.354674e+02
2.517842473365267e-06	-1.313052e+02
2.518888493198245e-06	-1.259492e+02
2.519915746834487e-06	-1.194099e+02
2.520953875170884e-06	-1.113084e+02
2.521980980454909e-06	-1.016439e+02
2.523018043914627e-06	-9.012465e+01
2.524047517371019e-06	-7.706974e+01
2.525083434869789e-06	-6.290367e+01
2.526113744798395e-06	-4.891575e+01
2.527148672148625e-06	-3.621930e+01
2.528179743768279e-06	-2.593559e+01
2.529214085279460e-06	-1.871369e+01
2.530245684858382e-06	-1.448782e+01
2.530713922179267e-06	-1.360985e+01
2.530877521089326e-06	-1.353822e+01
2.531086105596159e-06	-1.359475e+01
2.531330278045439e-06	-1.377738e+01
2.531550999288150e-06	-1.405644e+01
2.531845651606771e-06	-1.461057e+01
2.532298877766867e-06	-1.582737e+01
2.532957820814187e-06	-1.838324e+01
2.534012584208007e-06	-2.411135e+01
2.535156798390703e-06	-3.228780e+01
2.536265092400008e-06	-4.188220e+01
2.536942005395361e-06	-4.836404e+01
2.537456318588087e-06	-5.335942e+01
2.537649124717044e-06	-5.508050e+01
2.537783279460410e-06	-5.611649e+01
2.537916537641885e-06	-5.700319e+01
2.538069069589278e-06	-5.783558e+01
2.538374133484064e-06	-5.896004e+01
2.538959329169457e-06	-5.968260e+01
2.539785435824409e-06	-5.815024e+01
2.541083589586320e-06	-5.192949e+01
2.542637741426269e-06	-4.178503e+01
2.544787899945535e-06	-2.754165e+01
2.547229639405627e-06	-1.448206e+01
2.550054728218876e-06	-3.635897e+00
2.552151378770732e-06	2.518914e+00
2.554628538335331e-06	9.275855e+00
2.555345588120341e-06	1.153153e+01
2.556565900429979e-06	1.602881e+01
2.557000000000000e-06	1.781521e+01
2.557472796560165e-06	2.003466e+01
2.557816103195034e-06	2.179461e+01
2.558000000000000e-06	2.278094e+01
2.558142857142857e-06	2.357792e+01
2.558285714285714e-06	2.439975e+01
2.558428571428571e-06	2.524641e+01
2.558571428571428e-06	2.611792e+01
2.558714285714286e-06	2.701428e+01
2.558857142857143e-06	2.793548e+01
2.559000000000000e-06	2.888152e+01
2.559336999337493e-06	3.125425e+01
2.559684869621356e-06	3.392423e+01
2.560380610189082e-06	3.987920e+01
2.561402870297739e-06	4.989746e+01
2.562414159771146e-06	6.134424e+01
2.563612923408904e-06	7.653547e+01
2.564572167204550e-06	8.931528e+01
2.565072363152011e-06	9.486460e+01
2.565347554206804e-06	9.571427e+01
2.565472312876772e-06	9.506966e+01
2.565604012295033e-06	9.422561e+01
2.565655177995567e-06	9.395498e+01
2.565716016610155e-06	9.355925e+01
2.565773357513677e-06	9.313563e+01
2.565833564551882e-06	9.272775e+01
2.565897816427246e-06	9.233168e+01
2.565968841984089e-06	9.188431e+01
2.566058699229293e-06	9.129348e+01
2.566159644493488e-06	9.063238e+01
2.566315503089254e-06	8.962180e+01
2.566478090803166e-06	8.856296e+01
2.566803266230988e-06	8.644560e+01
2.567306297349044e-06	8.318975e+01
2.567848607636458e-06	7.973996e+01
2.568802300478965e-06	7.392870e+01
2.570010179284132e-06	6.733011e+01
2.571883646033421e-06	5.851653e+01
2.572214063753032e-06	5.726544e+01
2.572874899192254e-06	5.544340e+01
2.574196570070698e-06	5.272747e+01
2.574497518742354e-06	5.236383e+01
2.575099416085668e-06	5.204114e+01
2.575249890421496e-06	5.200860e+01
2.575287509005453e-06	5.200958e+01
2.575362746173367e-06	5.201648e+01
2.575513220509196e-06	5.202611e+01
2.575814169180853e-06	5.202035e+01
2.576192863471554e-06	5.206920e+01
2.576734921329519e-06	5.262275e+01
2.577218533858689e-06	5.450322e+01
2.577592126285442e-06	5.804451e+01
2.577937188941600e-06	6.329574e+01
2.578242245776983e-06	6.885524e+01
2.578580031409651e-06	7.512739e+01
2.579091562522326e-06	8.380619e+01
2.580048734056602e-06	9.745415e+01
2.581100377982173e-06	1.092900e+02
2.582013157603413e-06	1.171467e+02
2.582646382368362e-06	1.213492e+02
2.583357798908594e-06	1.250577e+02
2.584083031021589e-06	1.279915e+02
2.585163323620980e-06	1.313437e+02
2.585707367668771e-06	1.326565e+02
2.586168342408033e-06	1.335380e+02
2.586381897563368e-06	1.338636e+02
2.586505956756818e-06	1.339855e+02
2.586626387893381e-06	1.340506e+02
2.586765042052419e-06	1.341043e+02
2.586905413899049e-06	1.341535e+02
2.587186157592310e-06	1.342467e+02
2.587726709688967e-06	1.344270e+02
2.588219768147594e-06	1.346089e+02
2.588997311556364e-06	1.349733e+02
2.589709134034323e-06	1.354114e+02
2.590375901070614e-06	1.358863e+02
2.590988916629722e-06	1.363351e+02
2.591920438044597e-06	1.370175e+02
2.593084717720428e-06	1.378680e+02
2.594762504676997e-06	1.390837e+02
2.597307012483602e-06	1.408110e+02
2.598518353007933e-06	1.414214e+02
2.599126203494092e-06	1.415694e+02
2.599706653127241e-06	1.416163e+02
2.600180923372734e-06	1.416308e+02
2.600724740811899e-06	1.416353e+02
2.601588763712546e-06	1.416319e+02
2.602512138679562e-06	1.416205e+02
2.603892840573292e-06	1.415957e+02
2.605345346067388e-06	1.415648e+02
2.607263641243946e-06	1.415204e+02
2.609549432582822e-06	1.414656e+02
2.611987763615843e-06	1.414066e+02
2.614924611475441e-06	1.413363e+02
2.617978161867494e-06	1.412648e+02
2.620808599809037e-06	1.412002e+02
2.623440484929448e-06	1.411416e+02
2.625849368672190e-06	1.410892e+02
2.627902644138704e-06	1.410454e+02
2.629815455034479e-06	1.410054e+02
2.631731617422447e-06	1.409659e+02
2.633535292636386e-06	1.409295e+02
2.635959476001802e-06	1.408815e+02
2.638475576950128e-06	1.408328e+02
2.641516680508003e-06	1.407754e+02
2.644515448110949e-06	1.407204e+02
2.647543487596140e-06	1.406665e+02
2.651165172007913e-06	1.406044e+02
2.656999243147790e-06	1.405097e+02
2.665777327718277e-06	1.403791e+02
2.680281864989793e-06	1.401930e+02
2.703407248710222e-06	1.399666e+02
2.743407248710222e-06	1.397195e+02
2.783407248710222e-06	1.396141e+02
2.823407248710222e-06	1.396279e+02
2.863407248710222e-06	1.397223e+02
2.903407248710222e-06	1.398689e+02
2.943407248710222e-06	1.400495e+02
2.983407248710222e-06	1.402545e+02
3.023407248710222e-06	1.404822e+02
3.063407248710222e-06	1.407362e+02
3.103407248710222e-06	1.410243e+02
3.143407248710222e-06	1.413564e+02
3.183407248710222e-06	1.417425e+02
3.223407248710222e-06	1.421910e+02
3.263407248710222e-06	1.427080e+02
3.303407248710222e-06	1.432962e+02
3.343407248710222e-06	1.439555e+02
3.383407248710222e-06	1.446835e+02
3.423407248710222e-06	1.454755e+02
3.463407248710222e-06	1.463250e+02
3.503407248710223e-06	1.472239e+02
3.543407248710223e-06	1.481622e+02
3.583407248710223e-06	1.491286e+02
3.623407248710223e-06	1.501103e+02
3.663407248710223e-06	1.510939e+02
3.703407248710223e-06	1.520648e+02
3.743407248710223e-06	1.530085e+02
3.783407248710223e-06	1.539100e+02
3.823407248710222e-06	1.547620e+02
3.847999999999999e-06	1.552598e+02
3.851000000000000e-06	1.553176e+02
3.863000000000001e-06	1.555422e+02
3.866571428571429e-06	1.556082e+02
3.870142857142858e-06	1.556734e+02
3.873714285714286e-06	1.557379e+02
3.877285714285715e-06	1.558016e+02
3.880857142857143e-06	1.558646e+02
3.884428571428572e-06	1.559267e+02
3.888000000000000e-06	1.559881e+02
3.889000000000000e-06	1.560052e+02
3.889600000000000e-06	1.560154e+02
3.890240000000000e-06	1.560263e+02
3.891520000000000e-06	1.560479e+02
3.894080000000001e-06	1.560909e+02
3.903824931003430e-06	1.562514e+02
3.904922341564194e-06	1.562691e+02
3.905196694204384e-06	1.562736e+02
3.905265282364431e-06	1.562751e+02
3.905282429404443e-06	1.562761e+02
3.905316723484468e-06	1.562805e+02
3.905325297004473e-06	1.562825e+02
3.905327440384474e-06	1.562833e+02
3.905331727144478e-06	1.562852e+02
3.905340300664484e-06	1.562898e+02
3.905342444044485e-06	1.562912e+02
3.905346730804488e-06	1.562945e+02
3.905355304324494e-06	1.563024e+02
3.905372451364506e-06	1.563191e+02
3.905406745444530e-06	1.563446e+02
3.905459741444725e-06	1.563650e+02
3.905543934830732e-06	1.563783e+02
3.905634312293672e-06	1.563840e+02
3.905815067219551e-06	1.563882e+02
3.906547009083327e-06	1.563953e+02
3.907389534315801e-06	1.564026e+02
3.909074584780747e-06	1.564158e+02
3.912444685710639e-06	1.564359e+02
3.916700791995969e-06	1.564404e+02
3.920857416438292e-06	1.563777e+02
3.924753916895611e-06	1.561026e+02
3.927223673635272e-06	1.555074e+02
3.929503210807929e-06	1.544224e+02
3.931178508950560e-06	1.534129e+02
3.933075071627821e-06	1.522505e+02
3.935202293808822e-06	1.509523e+02
3.936760361114430e-06	1.497828e+02
3.937730147326805e-06	1.486754e+02
3.938442672004137e-06	1.477465e+02
3.938931132384513e-06	1.472915e+02
3.939370944510482e-06	1.470097e+02
3.939840365557750e-06	1.466758e+02
3.940501915877869e-06	1.460877e+02
3.941591764990591e-06	1.448807e+02
3.942713337432787e-06	1.432717e+02
3.943795371866286e-06	1.412190e+02
3.944792441200949e-06	1.387423e+02
3.945822315086956e-06	1.354479e+02
3.946844583595055e-06	1.312880e+02
3.947891189141624e-06	1.259286e+02
3.948917951841742e-06	1.193921e+02
3.949956486252422e-06	1.112873e+02
3.950983252507322e-06	1.016263e+02
3.952020606067686e-06	9.010494e+01
3.953049839223351e-06	7.705586e+01
3.954085959594846e-06	6.289250e+01
3.955116099640720e-06	4.891481e+01
3.956151170218034e-06	3.622481e+01
3.957182122134989e-06	2.594884e+01
3.958216564560435e-06	1.872930e+01
3.959248079626924e-06	1.450314e+01
3.959717186145970e-06	1.362127e+01
3.959879261747226e-06	1.354603e+01
3.960055666298715e-06	1.358569e+01
3.960295312166776e-06	1.375014e+01
3.960518741384313e-06	1.401507e+01
3.960807723042671e-06	1.453302e+01
3.961239709668068e-06	1.564393e+01
3.961865881701050e-06	1.796686e+01
3.962856913700738e-06	2.309900e+01
3.963915626129781e-06	3.035121e+01
3.965036602703816e-06	3.973867e+01
3.965746659908688e-06	4.641730e+01
3.966303676617075e-06	5.185155e+01
3.966529661793807e-06	5.390744e+01
3.966725396255802e-06	5.545127e+01
3.966855136433293e-06	5.632590e+01
3.966976926292167e-06	5.700640e+01
3.967220506009917e-06	5.800871e+01
3.967681608334057e-06	5.895703e+01
3.968348462286559e-06	5.841105e+01
3.969562933724381e-06	5.374455e+01
3.970956699735088e-06	4.530547e+01
3.972983765744895e-06	3.155527e+01
3.975297380163128e-06	1.809439e+01
3.978188263511592e-06	5.860184e+00
3.980913675862944e-06	-2.593804e+00
3.983458085930122e-06	-9.492916e+00
3.983792989985303e-06	-1.052128e+01
3.984175737476939e-06	-1.179046e+01
3.984941232460211e-06	-1.460793e+01
3.986000000000000e-06	-1.889745e+01
3.986142857142857e-06	-1.956717e+01
3.986285714285713e-06	-2.025775e+01
3.986428571428571e-06	-2.096918e+01
3.986571428571428e-06	-2.170148e+01
3.986714285714285e-06	-2.245464e+01
3.986857142857142e-06	-2.322866e+01
3.986999999999999e-06	-2.402353e+01
3.987070543993082e-06	-2.442666e+01
3.987141087986167e-06	-2.483745e+01
3.987211631979250e-06	-2.525591e+01
3.987282175972333e-06	-2.568203e+01
3.987352719965416e-06	-2.611580e+01
3.987423263958500e-06	-2.655725e+01
3.987493807951584e-06	-2.700635e+01
3.988003545191928e-06	-3.051340e+01
3.989023019672618e-06	-3.867680e+01
3.990254646238087e-06	-5.056826e+01
3.991670573813127e-06	-6.693779e+01
3.993085293420939e-06	-8.526143e+01
3.993955386651876e-06	-9.491512e+01
3.994402801532966e-06	-9.621733e+01
3.994589627335986e-06	-9.530940e+01
3.994744375608756e-06	-9.442387e+01
3.994831534152992e-06	-9.389469e+01
3.994883463601560e-06	-9.349439e+01
3.994944646377102e-06	-9.306441e+01
3.994988801144378e-06	-9.281213e+01
3.995048498403980e-06	-9.247229e+01
3.995110148779474e-06	-9.208005e+01
3.995188591260049e-06	-9.156451e+01
3.995292991491788e-06	-9.089951e+01
3.995418028127325e-06	-9.010958e+01
3.995590452318967e-06	-8.900981e+01
3.995789922940584e-06	-8.773988e+01
3.996188864183819e-06	-8.521081e+01
3.996616457235080e-06	-8.252264e+01
3.997233762224756e-06	-7.872576e+01
3.998097945940951e-06	-7.366007e+01
3.999274689864395e-06	-6.750612e+01
4.001062229592613e-06	-5.947795e+01
4.001399595497345e-06	-5.826423e+01
4.002074327306810e-06	-5.630686e+01
4.002243010259176e-06	-5.588190e+01
4.002580376163910e-06	-5.519709e+01
4.003255107973375e-06	-5.407301e+01
4.003423790925741e-06	-5.385545e+01
4.003465961663833e-06	-5.380954e+01
4.003550303140015e-06	-5.370563e+01
4.003718986092382e-06	-5.347281e+01
4.004056351997115e-06	-5.303112e+01
4.004396870742573e-06	-5.273087e+01
4.004939677948377e-06	-5.315967e+01
4.005375951553629e-06	-5.571202e+01
4.005808617753741e-06	-6.123998e+01
4.006117450652436e-06	-6.664612e+01
4.006432876549659e-06	-7.262184e+01
4.006794472702402e-06	-7.911399e+01
4.007517665007889e-06	-9.041609e+01
4.008586156296712e-06	-1.037897e+02
4.009824696436584e-06	-1.152335e+02
4.011066087407224e-06	-1.231856e+02
4.012359198027687e-06	-1.287725e+02
4.013429008217264e-06	-1.319631e+02
4.014040245598638e-06	-1.332986e+02
4.014344434357598e-06	-1.338079e+02
4.014507896963228e-06	-1.339881e+02
4.014665418392335e-06	-1.340795e+02
4.015009929306542e-06	-1.342030e+02
4.015345379850844e-06	-1.343130e+02
4.015806960222808e-06	-1.344687e+02
4.016334873463018e-06	-1.346720e+02
4.017133361109400e-06	-1.350702e+02
4.017895974208418e-06	-1.355581e+02
4.018461082804132e-06	-1.359662e+02
4.019141200152888e-06	-1.364674e+02
4.020225789044831e-06	-1.372653e+02
4.021585755708880e-06	-1.382614e+02
4.023845839840670e-06	-1.398639e+02
4.026051628896874e-06	-1.412191e+02
4.027138201574766e-06	-1.416312e+02
4.027823147437364e-06	-1.417209e+02
4.028216788471709e-06	-1.417343e+02
4.028708951965865e-06	-1.417422e+02
4.029693278954179e-06	-1.417445e+02
4.030664239565185e-06	-1.417374e+02
4.031890578249044e-06	-1.417197e+02
4.033704424424511e-06	-1.416862e+02
4.035621744494201e-06	-1.416460e+02
4.038161329078017e-06	-1.415894e+02
4.041124919083904e-06	-1.415219e+02
4.044608089942603e-06	-1.414431e+02
4.047905148042897e-06	-1.413701e+02
4.051067078754774e-06	-1.413021e+02
4.054000144772022e-06	-1.412406e+02
4.056858831400678e-06	-1.411823e+02
4.059520177978201e-06	-1.411294e+02
4.062038240872286e-06	-1.410807e+02
4.064374581163486e-06	-1.410365e+02
4.066715402797630e-06	-1.409933e+02
4.069283891439311e-06	-1.409471e+02
4.072618545477405e-06	-1.408891e+02
4.076838338013710e-06	-1.408186e+02
4.082693924424740e-06	-1.407262e+02
4.090662547949201e-06	-1.406104e+02
4.102865248590797e-06	-1.404552e+02
4.122709583846438e-06	-1.402581e+02
4.162398254357718e-06	-1.399991e+02
4.202398254357718e-06	-1.398755e+02
4.242398254357718e-06	-1.398707e+02
4.282398254357719e-06	-1.399455e+02
4.322398254357718e-06	-1.400707e+02
4.362398254357718e-06	-1.402274e+02
4.402398254357718e-06	-1.404060e+02
4.442398254357719e-06	-1.406045e+02
4.482398254357718e-06	-1.408271e+02
4.522398254357718e-06	-1.410818e+02
4.562398254357718e-06	-1.413794e+02
4.602398254357719e-06	-1.417306e+02
4.642398254357719e-06	-1.421451e+02
4.682398254357718e-06	-1.426294e+02
4.722398254357719e-06	-1.431870e+02
4.762398254357719e-06	-1.438181e+02
4.802398254357719e-06	-1.445206e+02
4.842398254357718e-06	-1.452900e+02
4.882398254357719e-06	-1.461203e+02
4.922398254357719e-06	-1.470033e+02
4.962398254357719e-06	-1.479294e+02
5.002398254357719e-06	-1.488875e+02
5.042398254357719e-06	-1.498650e+02
5.082398254357719e-06	-1.508483e+02
5.122398254357719e-06	-1.518231e+02
5.162398254357719e-06	-1.527746e+02
5.202398254357719e-06	-1.536879e+02
5.242398254357720e-06	-1.545510e+02
5.276000000000000e-06	-1.552389e+02
5.277000000000000e-06	-1.552585e+02
5.283000000000000e-06	-1.553727e+02
5.299999999999998e-06	-1.556875e+02
5.314999999999999e-06	-1.559521e+02
5.316000000000000e-06	-1.559692e+02
5.316599999999999e-06	-1.559795e+02
5.317000000000000e-06	-1.559864e+02
5.317600000000000e-06	-1.559966e+02
5.318240000000000e-06	-1.560075e+02
5.319520000000000e-06	-1.560292e+02
5.322080000000000e-06	-1.560723e+02
5.331824931003430e-06	-1.562333e+02
5.332922341564192e-06	-1.562511e+02
5.333196694204384e-06	-1.562557e+02
5.333265282364431e-06	-1.562571e+02
5.333282429404443e-06	-1.562582e+02
5.333316723484466e-06	-1.562625e+02
5.333325297004473e-06	-1.562646e+02
5.333327440384475e-06	-1.562653e+02
5.333331727144477e-06	-1.562673e+02
5.333340300664483e-06	-1.562719e+02
5.333342444044485e-06	-1.562733e+02
5.333346730804488e-06	-1.562766e+02
5.333355304324493e-06	-1.562845e+02
5.333372451364505e-06	-1.563012e+02
5.333406745444530e-06	-1.563267e+02
5.333459741838255e-06	-1.563471e+02
5.333543936806532e-06	-1.563603e+02
5.333634315785217e-06	-1.563661e+02
5.333815073742586e-06	-1.563702e+02
5.334547662875787e-06	-1.563774e+02
5.335391507869063e-06	-1.563847e+02
5.337079197855613e-06	-1.563980e+02
5.340454577828716e-06	-1.564183e+02
5.344712065130852e-06	-1.564228e+02
5.348867981667586e-06	-1.563599e+02
5.352757983590791e-06	-1.560838e+02
5.355226383411933e-06	-1.554875e+02
5.357499229958619e-06	-1.544046e+02
5.359169828157754e-06	-1.533977e+02
5.361064611710669e-06	-1.522363e+02
5.363195577404302e-06	-1.509357e+02
5.364753412693013e-06	-1.497663e+02
5.365723518575239e-06	-1.486587e+02
5.366436473157658e-06	-1.477291e+02
5.366924853351468e-06	-1.472740e+02
5.367364999651774e-06	-1.469920e+02
5.367834663164969e-06	-1.466579e+02
5.368495563064514e-06	-1.460703e+02
5.369584270689056e-06	-1.448645e+02
5.370706309242678e-06	-1.432548e+02
5.371788252134612e-06	-1.412020e+02
5.372785623611094e-06	-1.387240e+02
5.373815233397683e-06	-1.354293e+02
5.374837654039504e-06	-1.312668e+02
5.375884105885400e-06	-1.259052e+02
5.376911005921682e-06	-1.193633e+02
5.377949433881480e-06	-1.112524e+02
5.378976289130504e-06	-1.015800e+02
5.380013564500628e-06	-9.004306e+01
5.381042861674159e-06	-7.696573e+01
5.382078928294000e-06	-6.275824e+01
5.383109113662080e-06	-4.872120e+01
5.384144146050512e-06	-3.597152e+01
5.385175129800895e-06	-2.564810e+01
5.386209545352093e-06	-1.840852e+01
5.387241082934324e-06	-1.419262e+01
5.387703907518396e-06	-1.337010e+01
5.387957708006091e-06	-1.330705e+01
5.388218897633042e-06	-1.342990e+01
5.388387050863907e-06	-1.358572e+01
5.388550653273221e-06	-1.380730e+01
5.388799248149514e-06	-1.427589e+01
5.389296437902098e-06	-1.560229e+01
5.389993872927231e-06	-1.832187e+01
5.391104903519050e-06	-2.442851e+01
5.392212206011156e-06	-3.244798e+01
5.393356379714646e-06	-4.246164e+01
5.394026509194364e-06	-4.886758e+01
5.394477080467257e-06	-5.313637e+01
5.394653513868371e-06	-5.463978e+01
5.394752970312679e-06	-5.537409e+01
5.394848909529788e-06	-5.598836e+01
5.395040787964008e-06	-5.700622e+01
5.395323633037316e-06	-5.802555e+01
5.395889323183934e-06	-5.863885e+01
5.396792530545761e-06	-5.686570e+01
5.398052751362233e-06	-5.074387e+01
5.399684982237664e-06	-4.002959e+01
5.401790391368808e-06	-2.622175e+01
5.404283466195743e-06	-1.311254e+01
5.407084636117333e-06	-2.530117e+00
5.409115097938671e-06	3.398869e+00
5.411560899817980e-06	1.015286e+01
5.412354553613136e-06	1.268761e+01
5.413412692409688e-06	1.668048e+01
5.413999999999999e-06	1.928542e+01
5.415000000000000e-06	2.429636e+01
5.415142857142857e-06	2.512171e+01
5.415285714285714e-06	2.597306e+01
5.415428571428572e-06	2.685041e+01
5.415571428571428e-06	2.775378e+01
5.415714285714286e-06	2.868316e+01
5.415857142857143e-06	2.963854e+01
5.416000000000000e-06	3.061994e+01
5.416069696189032e-06	3.111134e+01
5.416139392378063e-06	3.161168e+01
5.416209088567095e-06	3.212096e+01
5.416278784756127e-06	3.263918e+01
5.416348480945159e-06	3.316633e+01
5.416418177134190e-06	3.370242e+01
5.416487873323222e-06	3.424745e+01
5.416991484495579e-06	3.847450e+01
5.417998706840296e-06	4.824667e+01
5.419470740805269e-06	6.509819e+01
5.421125024766501e-06	8.642643e+01
5.421930090364966e-06	9.526873e+01
5.422383943660285e-06	9.657004e+01
5.422566106945949e-06	9.569904e+01
5.422722637148479e-06	9.480611e+01
5.422810050072387e-06	9.427768e+01
5.422862481048320e-06	9.387636e+01
5.422924120099781e-06	9.344646e+01
5.422968643941497e-06	9.319351e+01
5.423028656966994e-06	9.285277e+01
5.423090647361625e-06	9.245961e+01
5.423169256547046e-06	9.194565e+01
5.423276212001183e-06	9.126810e+01
5.423399056093910e-06	9.049536e+01
5.423579210677757e-06	8.935113e+01
5.423775653167163e-06	8.810575e+01
5.424168538145976e-06	8.562463e+01
5.424616977950274e-06	8.281496e+01
5.425229079220613e-06	7.906185e+01
5.426111558058735e-06	7.390311e+01
5.427288400518847e-06	6.775349e+01
5.429044945384926e-06	5.984593e+01
5.429372553136143e-06	5.865570e+01
5.430027768638574e-06	5.691074e+01
5.431338199643435e-06	5.430310e+01
5.431642053515297e-06	5.394659e+01
5.432249761259019e-06	5.360067e+01
5.432268752126010e-06	5.359446e+01
5.432306733859993e-06	5.358983e+01
5.432382697327958e-06	5.358404e+01
5.432534624263889e-06	5.356588e+01
5.432838478135751e-06	5.350890e+01
5.433268542854417e-06	5.350543e+01
5.433834506868947e-06	5.399578e+01
5.434206927157344e-06	5.549145e+01
5.434556879795695e-06	5.887554e+01
5.434887405118605e-06	6.385429e+01
5.435182497832807e-06	6.916758e+01
5.435501310217353e-06	7.505171e+01
5.435987001813453e-06	8.333296e+01
5.436869102861119e-06	9.613363e+01
5.437885780248913e-06	1.076327e+02
5.439218782384785e-06	1.185952e+02
5.440319742667099e-06	1.250280e+02
5.441255800788244e-06	1.288403e+02
5.442204982164385e-06	1.316712e+02
5.442725203303716e-06	1.328799e+02
5.443020378036525e-06	1.334499e+02
5.443167711495918e-06	1.337068e+02
5.443246080440742e-06	1.338343e+02
5.443320162867655e-06	1.339388e+02
5.443459263643749e-06	1.340423e+02
5.443528537137442e-06	1.340744e+02
5.443831440376177e-06	1.341858e+02
5.444213616807325e-06	1.343129e+02
5.444695233574039e-06	1.344743e+02
5.445204725383521e-06	1.346650e+02
5.445962773938183e-06	1.350281e+02
5.446692982296301e-06	1.354835e+02
5.447286257750220e-06	1.359076e+02
5.447927112401649e-06	1.363777e+02
5.448859805234725e-06	1.370619e+02
5.450045833485444e-06	1.379293e+02
5.451841127313783e-06	1.392316e+02
5.454234971640292e-06	1.408578e+02
5.455436455410022e-06	1.414673e+02
5.456047831258478e-06	1.416197e+02
5.456658247460078e-06	1.416713e+02
5.457137559475005e-06	1.416869e+02
5.457692054579894e-06	1.416921e+02
5.458547166517936e-06	1.416895e+02
5.459519976825713e-06	1.416780e+02
5.461108826306169e-06	1.416499e+02
5.462549719178484e-06	1.416196e+02
5.464398528686581e-06	1.415772e+02
5.466664988237649e-06	1.415233e+02
5.469165243036864e-06	1.414633e+02
5.472155979265461e-06	1.413921e+02
5.475177521995529e-06	1.413219e+02
5.477983371645503e-06	1.412582e+02
5.480603143858403e-06	1.412003e+02
5.482987771250489e-06	1.411487e+02
5.485010511494777e-06	1.411059e+02
5.486891241630043e-06	1.410668e+02
5.488775816033104e-06	1.410284e+02
5.490526979054492e-06	1.409933e+02
5.492838939310322e-06	1.409479e+02
5.495209859509770e-06	1.409023e+02
5.498082748883543e-06	1.408485e+02
5.500826608688877e-06	1.407984e+02
5.503674498216308e-06	1.407479e+02
5.507169382070640e-06	1.406882e+02
5.513113397873807e-06	1.405921e+02
5.521597440608795e-06	1.404661e+02
5.535930071390938e-06	1.402822e+02
5.558201883456532e-06	1.400632e+02
5.598201883456532e-06	1.398128e+02
5.638201883456532e-06	1.397032e+02
5.678201883456532e-06	1.397128e+02
5.718201883456532e-06	1.398025e+02
5.758201883456532e-06	1.399440e+02
5.798201883456532e-06	1.401187e+02
5.838201883456532e-06	1.403171e+02
5.878201883456532e-06	1.405373e+02
5.918201883456533e-06	1.407831e+02
5.958201883456532e-06	1.410623e+02
5.998201883456532e-06	1.413850e+02
6.038201883456532e-06	1.417614e+02
6.078201883456533e-06	1.422003e+02
6.118201883456532e-06	1.427077e+02
6.158201883456532e-06	1.432867e+02
6.198201883456533e-06	1.439372e+02
6.238201883456533e-06	1.446569e+02
6.278201883456533e-06	1.454412e+02
6.318201883456532e-06	1.462837e+02
6.358201883456533e-06	1.471764e+02
6.398201883456533e-06	1.481094e+02
6.438201883456533e-06	1.490713e+02
6.478201883456532e-06	1.500497e+02
6.518201883456533e-06	1.510308e+02
6.558201883456533e-06	1.520004e+02
6.598201883456533e-06	1.529437e+02
6.638201883456533e-06	1.538460e+02
6.678201883456533e-06	1.546987e+02
6.704999999999999e-06	1.552414e+02
6.708000000000000e-06	1.552990e+02
6.712000000000000e-06	1.553745e+02
6.728999999999999e-06	1.556879e+02
6.745000000000000e-06	1.559684e+02
6.745999999999999e-06	1.559854e+02
6.746600000000000e-06	1.559956e+02
6.747240000000000e-06	1.560064e+02
6.748520000000000e-06	1.560281e+02
6.751080000000001e-06	1.560709e+02
6.760824931003430e-06	1.562312e+02
6.761922341564193e-06	1.562488e+02
6.762196694204383e-06	1.562534e+02
6.762265282364431e-06	1.562548e+02
6.762282429404443e-06	1.562559e+02
6.762316723484468e-06	1.562602e+02
6.762325297004473e-06	1.562622e+02
6.762327440384474e-06	1.562630e+02
6.762331727144478e-06	1.562650e+02
6.762340300664483e-06	1.562696e+02
6.762342444044485e-06	1.562710e+02
6.762346730804488e-06	1.562743e+02
6.762355304324494e-06	1.562822e+02
6.762372451364506e-06	1.562989e+02
6.762406745444530e-06	1.563244e+02
6.762459740707091e-06	1.563448e+02
6.762543933810645e-06	1.563580e+02
6.762634310838462e-06	1.563637e+02
6.762815064894099e-06	1.563679e+02
6.763547571743183e-06	1.563750e+02
6.764391257714465e-06	1.563822e+02
6.766078629657030e-06	1.563954e+02
6.769453373542156e-06	1.564154e+02
6.773710694582275e-06	1.564196e+02
6.777866696425615e-06	1.563563e+02
6.781757464027722e-06	1.560801e+02
6.784226062591731e-06	1.554836e+02
6.786499469488032e-06	1.544004e+02
6.788170478284489e-06	1.533931e+02
6.790065422497948e-06	1.522314e+02
6.792196086197781e-06	1.509308e+02
6.793753640364829e-06	1.497615e+02
6.794723572864314e-06	1.486540e+02
6.795436545585095e-06	1.477243e+02
6.795924857299757e-06	1.472692e+02
6.796365090662562e-06	1.469870e+02
6.796834811904869e-06	1.466529e+02
6.797495460905638e-06	1.460654e+02
6.798584936133686e-06	1.448587e+02
6.799706535548225e-06	1.432494e+02
6.800788781835467e-06	1.411958e+02
6.801785841946257e-06	1.387184e+02
6.802815715131958e-06	1.354226e+02
6.803837934690537e-06	1.312606e+02
6.804884567066795e-06	1.258977e+02
6.805911316462948e-06	1.193562e+02
6.806949869540191e-06	1.112437e+02
6.807976620354065e-06	1.015716e+02
6.809013984969852e-06	9.003273e+01
6.810043208186394e-06	7.695514e+01
6.811079337276961e-06	6.274521e+01
6.812109470361465e-06	4.870709e+01
6.813144546836246e-06	3.595518e+01
6.814175493739397e-06	2.563110e+01
6.815209940354673e-06	1.839171e+01
6.816241451924395e-06	1.417820e+01
6.816703833430061e-06	1.335900e+01
6.816959040193745e-06	1.329762e+01
6.817222450137841e-06	1.342281e+01
6.817386183975221e-06	1.357448e+01
6.817545438124219e-06	1.378921e+01
6.817792966524287e-06	1.425253e+01
6.818288023324423e-06	1.556725e+01
6.818997113830871e-06	1.832488e+01
6.820104556608259e-06	2.440451e+01
6.821215243858976e-06	3.244451e+01
6.822354219478282e-06	4.240211e+01
6.823023351360689e-06	4.877787e+01
6.823458439447812e-06	5.287192e+01
6.823615732385164e-06	5.420206e+01
6.823704576891626e-06	5.485821e+01
6.823789816716197e-06	5.541306e+01
6.823960296365337e-06	5.634437e+01
6.824251587651202e-06	5.744090e+01
6.824834170222930e-06	5.815048e+01
6.825740585216070e-06	5.644086e+01
6.826990669486315e-06	5.041392e+01
6.828609584042769e-06	3.980940e+01
6.830704087405369e-06	2.606015e+01
6.833192513658908e-06	1.292869e+01
6.835992367724375e-06	2.304466e+00
6.838055969557632e-06	-3.746400e+00
6.840514758215469e-06	-1.062308e+01
6.841514758215470e-06	-1.380359e+01
6.842029516430941e-06	-1.567090e+01
6.842206615016589e-06	-1.638581e+01
6.842442746464121e-06	-1.736823e+01
6.842527737104936e-06	-1.773227e+01
6.843000000000000e-06	-1.987120e+01
6.843142857142857e-06	-2.055917e+01
6.843285714285714e-06	-2.126837e+01
6.843428571428572e-06	-2.199878e+01
6.843571428571428e-06	-2.275042e+01
6.843714285714285e-06	-2.352327e+01
6.843857142857143e-06	-2.431735e+01
6.844000000000000e-06	-2.513264e+01
6.844068604196158e-06	-2.553485e+01
6.844137208392316e-06	-2.594448e+01
6.844205812588474e-06	-2.636154e+01
6.844274416784632e-06	-2.678603e+01
6.844343020980790e-06	-2.721794e+01
6.844411625176948e-06	-2.765729e+01
6.844480229373106e-06	-2.810406e+01
6.844964240079859e-06	-3.149740e+01
6.845932261493364e-06	-3.934275e+01
6.847116559396181e-06	-5.084914e+01
6.848509167014318e-06	-6.698883e+01
6.849825533779211e-06	-8.413731e+01
6.850827601540334e-06	-9.567047e+01
6.851306418453647e-06	-9.744028e+01
6.851510263381543e-06	-9.656533e+01
6.851678315037327e-06	-9.559408e+01
6.851782080676866e-06	-9.495359e+01
6.851842381969769e-06	-9.451912e+01
6.851911763347669e-06	-9.408030e+01
6.851972066845927e-06	-9.374398e+01
6.852037168348716e-06	-9.335111e+01
6.852112911237121e-06	-9.286122e+01
6.852196552954581e-06	-9.233209e+01
6.852311686378164e-06	-9.162064e+01
6.852434172368384e-06	-9.085581e+01
6.852679144348824e-06	-8.931965e+01
6.852931583894572e-06	-8.774198e+01
6.853277791096010e-06	-8.558656e+01
6.853873256624299e-06	-8.194137e+01
6.854949643719658e-06	-7.576916e+01
6.857102417910374e-06	-6.456785e+01
6.857519126613329e-06	-6.273321e+01
6.858352544019240e-06	-5.964303e+01
6.858560898370718e-06	-5.895933e+01
6.858977607073672e-06	-5.782401e+01
6.859811024479583e-06	-5.590708e+01
6.860071467418929e-06	-5.544118e+01
6.860175644594669e-06	-5.528707e+01
6.860201688888603e-06	-5.525013e+01
6.860253777476473e-06	-5.518025e+01
6.860357954652211e-06	-5.504326e+01
6.860566309003689e-06	-5.476136e+01
6.860983017706644e-06	-5.421745e+01
6.861515579220387e-06	-5.386102e+01
6.862128034586134e-06	-5.494810e+01
6.862561223066457e-06	-5.833196e+01
6.862999053972879e-06	-6.472878e+01
6.863289640937846e-06	-6.999500e+01
6.863589677611904e-06	-7.556653e+01
6.864048597614967e-06	-8.335333e+01
6.864966437621094e-06	-9.650950e+01
6.866040428716061e-06	-1.085008e+02
6.867291691315326e-06	-1.185410e+02
6.868584286930051e-06	-1.257019e+02
6.869742520077186e-06	-1.300374e+02
6.870761229649173e-06	-1.327080e+02
6.871217622907310e-06	-1.335967e+02
6.871468290427136e-06	-1.339412e+02
6.871621539284925e-06	-1.340633e+02
6.871772670756086e-06	-1.341282e+02
6.871999158032360e-06	-1.342061e+02
6.872223265954264e-06	-1.342802e+02
6.872671481798072e-06	-1.344291e+02
6.873140518337939e-06	-1.345974e+02
6.873875215881136e-06	-1.349163e+02
6.874439674986053e-06	-1.352432e+02
6.875016991095324e-06	-1.356463e+02
6.875622689931950e-06	-1.360894e+02
6.876250739286794e-06	-1.365518e+02
6.877413186096960e-06	-1.374072e+02
6.878780201536536e-06	-1.384074e+02
6.881458885975487e-06	-1.402970e+02
6.883172611187369e-06	-1.413055e+02
6.884184226820648e-06	-1.416455e+02
6.885101353629514e-06	-1.417455e+02
6.885509830125587e-06	-1.417570e+02
6.886061302381929e-06	-1.417620e+02
6.887164246894614e-06	-1.417594e+02
6.888204176473788e-06	-1.417487e+02
6.889519241002276e-06	-1.417276e+02
6.891389321524171e-06	-1.416914e+02
6.893443780953913e-06	-1.416476e+02
6.895796295285437e-06	-1.415949e+02
6.898481509560593e-06	-1.415341e+02
6.901590625951317e-06	-1.414642e+02
6.904712510751277e-06	-1.413954e+02
6.907673161742103e-06	-1.413319e+02
6.910802769547400e-06	-1.412665e+02
6.913649945133794e-06	-1.412087e+02
6.916418139193283e-06	-1.411539e+02
6.918939875479194e-06	-1.411053e+02
6.921414403920859e-06	-1.410588e+02
6.923874301160967e-06	-1.410138e+02
6.926699774350961e-06	-1.409635e+02
6.930278348303525e-06	-1.409020e+02
6.934898672764439e-06	-1.408261e+02
6.941251355116686e-06	-1.407281e+02
6.950074152724117e-06	-1.406042e+02
6.963787603071094e-06	-1.404393e+02
6.987251468586667e-06	-1.402257e+02
7.027251468586667e-06	-1.399981e+02
7.067251468586668e-06	-1.399036e+02
7.107251468586668e-06	-1.399185e+02
7.147251468586668e-06	-1.400054e+02
7.187251468586667e-06	-1.401373e+02
7.227251468586668e-06	-1.402934e+02
7.236217522869458e-06	-1.403321e+02
7.245183577152248e-06	-1.403717e+02
7.254149631435039e-06	-1.404122e+02
7.263115685717828e-06	-1.404535e+02
7.272081740000619e-06	-1.404958e+02
7.281047794283409e-06	-1.405390e+02
7.290013848566199e-06	-1.405831e+02
7.292742604466374e-06	-1.405968e+02
7.298200116266725e-06	-1.406244e+02
7.304168370461373e-06	-1.406550e+02
7.310067578891132e-06	-1.406857e+02
7.314523790237317e-06	-1.407092e+02
7.318334004173593e-06	-1.407296e+02
7.321808229831274e-06	-1.407484e+02
7.325459647854573e-06	-1.407684e+02
7.327469210506807e-06	-1.407795e+02
7.328168191084844e-06	-1.407833e+02
7.328177075624773e-06	-1.407834e+02
7.328194844704629e-06	-1.407835e+02
7.328225156684176e-06	-1.407837e+02
7.328257528510410e-06	-1.407838e+02
7.328305658353467e-06	-1.407841e+02
7.328398815267757e-06	-1.407846e+02
7.328548882374889e-06	-1.407855e+02
7.328849016589155e-06	-1.407871e+02
7.329449285017685e-06	-1.407905e+02
7.330649821874745e-06	-1.407972e+02
7.331504052440294e-06	-1.408019e+02
7.332196665023315e-06	-1.408058e+02
7.332519900988373e-06	-1.408077e+02
7.333166372918488e-06	-1.408113e+02
7.333905126154415e-06	-1.408155e+02
7.335382632626272e-06	-1.408239e+02
7.338337645569984e-06	-1.408408e+02
7.341338061302001e-06	-1.408581e+02
7.344683405894446e-06	-1.408776e+02
7.347827416073451e-06	-1.408961e+02
7.349872204345886e-06	-1.409083e+02
7.352638723123945e-06	-1.409249e+02
7.357475109726647e-06	-1.409544e+02
7.362645657460943e-06	-1.409865e+02
7.367602221125507e-06	-1.410178e+02
7.372158563693162e-06	-1.410472e+02
7.376825452629765e-06	-1.410778e+02
7.381485090951660e-06	-1.411089e+02
7.386244652350885e-06	-1.411413e+02
7.390928822767149e-06	-1.411738e+02
7.395652710436592e-06	-1.412072e+02
7.400332577346637e-06	-1.412410e+02
7.405052272084716e-06	-1.412757e+02
7.409742510409096e-06	-1.413110e+02
7.414458070379825e-06	-1.413471e+02
7.419151436540283e-06	-1.413838e+02
7.424765502328744e-06	-1.414288e+02
7.431297711679444e-06	-1.414826e+02
7.439400918527170e-06	-1.415516e+02
7.449180213965813e-06	-1.416382e+02
7.462076840754118e-06	-1.417587e+02
7.479445280468785e-06	-1.419331e+02
7.506054960151590e-06	-1.422285e+02
7.546054960151590e-06	-1.427290e+02
7.586054960151589e-06	-1.432974e+02
7.626054960151590e-06	-1.439392e+02
7.666054960151590e-06	-1.446518e+02
7.706054960151590e-06	-1.454305e+02
7.746054960151590e-06	-1.462688e+02
7.786054960151589e-06	-1.471585e+02
7.826054960151591e-06	-1.480895e+02
7.866054960151590e-06	-1.490504e+02
7.906054960151590e-06	-1.500286e+02
7.946054960151591e-06	-1.510103e+02
7.986054960151591e-06	-1.519873e+02
7.986641609575654e-06	-1.520015e+02
7.987814908423781e-06	-1.520298e+02
7.999328751350626e-06	-1.523069e+02
8.010842594277473e-06	-1.525806e+02
8.022356437204319e-06	-1.528509e+02
8.033870280131164e-06	-1.531178e+02
8.045384123058009e-06	-1.533813e+02
8.056897965984856e-06	-1.536414e+02
8.068411808911702e-06	-1.538980e+02
8.071411808911701e-06	-1.539641e+02
8.072011808911701e-06	-1.539772e+02
8.073211808911702e-06	-1.540034e+02
8.076811808911701e-06	-1.540817e+02
8.081611808911698e-06	-1.541851e+02
8.091211808911696e-06	-1.543893e+02
8.101211808911697e-06	-1.545986e+02
8.111211808911695e-06	-1.548036e+02
8.121211808911697e-06	-1.550041e+02
8.131211808911695e-06	-1.552006e+02
8.135540643214858e-06	-1.552843e+02
8.137989961200678e-06	-1.553311e+02
8.139408344776031e-06	-1.553581e+02
8.140129885356751e-06	-1.553717e+02
8.140885694050284e-06	-1.553860e+02
8.141684300840529e-06	-1.554010e+02
8.143281514421019e-06	-1.554310e+02
8.145267453593241e-06	-1.554681e+02
8.147826573608226e-06	-1.555156e+02
8.151084639728186e-06	-1.555755e+02
8.155527142233793e-06	-1.556562e+02
8.162024045878457e-06	-1.557729e+02
8.162569303328223e-06	-1.557826e+02
8.163659818227758e-06	-1.558019e+02
8.165840848026824e-06	-1.558402e+02
8.168637940401865e-06	-1.558890e+02
8.169637940401865e-06	-1.559064e+02
8.171000000000000e-06	-1.559299e+02
8.171999999999999e-06	-1.559471e+02
8.173000000000000e-06	-1.559643e+02
8.173100000000000e-06	-1.559660e+02
8.173300000000000e-06	-1.559694e+02
8.173599999999999e-06	-1.559745e+02
8.174000000000000e-06	-1.559814e+02
8.174039999999999e-06	-1.559820e+02
8.174120000000000e-06	-1.559834e+02
8.174279999999999e-06	-1.559861e+02
8.174600000000000e-06	-1.559916e+02
8.175240000000000e-06	-1.560025e+02
8.176520000000000e-06	-1.560241e+02
8.179080000000000e-06	-1.560671e+02
8.183506706178284e-06	-1.561406e+02
8.188276225723049e-06	-1.562189e+02
8.188824931003431e-06	-1.562278e+02
8.189922341564194e-06	-1.562455e+02
8.190196694204384e-06	-1.562501e+02
8.190265282364431e-06	-1.562515e+02
8.190282429404443e-06	-1.562526e+02
8.190316723484466e-06	-1.562569e+02
8.190325297004473e-06	-1.562589e+02
8.190327440384475e-06	-1.562597e+02
8.190331727144478e-06	-1.562617e+02
8.190340300664483e-06	-1.562663e+02
8.190342444044485e-06	-1.562677e+02
8.190346730804488e-06	-1.562710e+02
8.190355304324493e-06	-1.562789e+02
8.190372451364507e-06	-1.562956e+02
8.190406745444530e-06	-1.563211e+02
8.190459741338033e-06	-1.563415e+02
8.190543935910417e-06	-1.563547e+02
8.190634314410755e-06	-1.563605e+02
8.190815071411429e-06	-1.563646e+02
8.191547907784227e-06	-1.563718e+02
8.192392262433304e-06	-1.563790e+02
8.194080971731456e-06	-1.563923e+02
8.197458390327760e-06	-1.564124e+02
8.201716410229325e-06	-1.564167e+02
8.205872053346857e-06	-1.563533e+02
8.209759538578024e-06	-1.560767e+02
8.212227436400468e-06	-1.554798e+02
8.214497560339046e-06	-1.543976e+02
8.216166261504629e-06	-1.533916e+02
8.218060332605899e-06	-1.522305e+02
8.220192878028269e-06	-1.509287e+02
8.221750322107856e-06	-1.497596e+02
8.222720420660854e-06	-1.486519e+02
8.223433613875911e-06	-1.477219e+02
8.223921896642644e-06	-1.472667e+02
8.224362296656562e-06	-1.469844e+02
8.224832142329467e-06	-1.466503e+02
8.225492487184484e-06	-1.460630e+02
8.226581479189195e-06	-1.448568e+02
8.227703267448424e-06	-1.432472e+02
8.228785486662072e-06	-1.411937e+02
8.229782669430866e-06	-1.387156e+02
8.230812435525626e-06	-1.354197e+02
8.231834714430757e-06	-1.312567e+02
8.232881285615708e-06	-1.258927e+02
8.233908090121174e-06	-1.193488e+02
8.234946600891418e-06	-1.112335e+02
8.235973387102346e-06	-1.015565e+02
8.237010720500502e-06	-9.001065e+01
8.238039969227241e-06	-7.692063e+01
8.239076076912243e-06	-6.269124e+01
8.240106228063652e-06	-4.862696e+01
8.241141289317022e-06	-3.584863e+01
8.242172248903566e-06	-2.550365e+01
8.243206684808803e-06	-1.825594e+01
8.244238205351903e-06	-1.405056e+01
8.244698633367897e-06	-1.325100e+01
8.244965442161528e-06	-1.319951e+01
8.245228295216656e-06	-1.333280e+01
8.245380005451766e-06	-1.347586e+01
8.245542988375525e-06	-1.369694e+01
8.245805303954400e-06	-1.419303e+01
8.246329935112148e-06	-1.565866e+01
8.247244153654640e-06	-1.947360e+01
8.248420623214861e-06	-2.639342e+01
8.249504330847390e-06	-3.473472e+01
8.250689521673090e-06	-4.548348e+01
8.251351124993355e-06	-5.177315e+01
8.251608226350086e-06	-5.402197e+01
8.251782086947719e-06	-5.528389e+01
8.251952845803691e-06	-5.627942e+01
8.252193197833614e-06	-5.729363e+01
8.252640538842810e-06	-5.812201e+01
8.253535220861204e-06	-5.713460e+01
8.254634228310628e-06	-5.258427e+01
8.256244780883558e-06	-4.242432e+01
8.258136992970569e-06	-2.975242e+01
8.260656208089293e-06	-1.558356e+01
8.263441199567059e-06	-4.214143e+00
8.265806561116532e-06	2.961901e+00
8.268387406678541e-06	1.016529e+01
8.269522356080462e-06	1.368576e+01
8.269730101196156e-06	1.442566e+01
8.270145591427542e-06	1.607997e+01
8.270976571890315e-06	1.981702e+01
8.272000000000000e-06	2.494885e+01
8.272142857142856e-06	2.578590e+01
8.272285714285714e-06	2.664930e+01
8.272428571428571e-06	2.753903e+01
8.272571428571429e-06	2.845510e+01
8.272714285714286e-06	2.939752e+01
8.272857142857144e-06	3.036627e+01
8.273000000000000e-06	3.136137e+01
8.273390654421613e-06	3.426983e+01
8.273793910598761e-06	3.758186e+01
8.274600422953058e-06	4.505214e+01
8.275754033751995e-06	5.740092e+01
8.276910060774620e-06	7.165014e+01
8.278492227515427e-06	9.174521e+01
8.279155892362163e-06	9.639971e+01
8.279782678744799e-06	9.497069e+01
8.279999580471922e-06	9.360775e+01
8.280125933084553e-06	9.288782e+01
8.280261394962508e-06	9.201901e+01
8.280322462477080e-06	9.158399e+01
8.280395847840762e-06	9.115451e+01
8.280462844935637e-06	9.078161e+01
8.280541118267294e-06	9.028109e+01
8.280612903152894e-06	8.980902e+01
8.280709351797809e-06	8.920795e+01
8.280809974857016e-06	8.858481e+01
8.280947803696652e-06	8.771541e+01
8.281093465936775e-06	8.680133e+01
8.281352337734274e-06	8.518673e+01
8.281613471624695e-06	8.356402e+01
8.281993293774047e-06	8.123365e+01
8.282598674977730e-06	7.762956e+01
8.283704525078503e-06	7.164471e+01
8.285916225280046e-06	6.117899e+01
8.286310535883922e-06	5.968339e+01
8.287099157091674e-06	5.759232e+01
8.288676399507177e-06	5.463583e+01
8.288983446655587e-06	5.431042e+01
8.289060208442691e-06	5.427291e+01
8.289213732016895e-06	5.421125e+01
8.289252112910446e-06	5.419934e+01
8.289328874697548e-06	5.418374e+01
8.289482398271754e-06	5.414950e+01
8.289789445420164e-06	5.405171e+01
8.290152709848280e-06	5.397797e+01
8.290667741454232e-06	5.439309e+01
8.291214023126532e-06	5.650436e+01
8.291601211505352e-06	6.026672e+01
8.291972640162119e-06	6.601844e+01
8.292286012559693e-06	7.169325e+01
8.292634071365103e-06	7.798422e+01
8.293189939177183e-06	8.694643e+01
8.294301674801343e-06	1.014604e+02
8.295637099331752e-06	1.144659e+02
8.296842484921002e-06	1.226189e+02
8.298005586001748e-06	1.279307e+02
8.299142010133790e-06	1.315465e+02
8.299767820317570e-06	1.330193e+02
8.300082483428648e-06	1.336095e+02
8.300260288225859e-06	1.338874e+02
8.300355119387301e-06	1.339940e+02
8.300447000130212e-06	1.340557e+02
8.300554098116772e-06	1.341037e+02
8.300876911349871e-06	1.342181e+02
8.301307328994004e-06	1.343605e+02
8.301767425463615e-06	1.345163e+02
8.302302373024113e-06	1.347187e+02
8.302930362849421e-06	1.350277e+02
8.303718947844248e-06	1.355298e+02
8.304280426646599e-06	1.359324e+02
8.304901252520937e-06	1.363885e+02
8.305903754797396e-06	1.371244e+02
8.307078501707376e-06	1.379837e+02
8.309019870651766e-06	1.393886e+02
8.311354558549684e-06	1.409516e+02
8.312529214995635e-06	1.415186e+02
8.313118304119662e-06	1.416506e+02
8.313620043584232e-06	1.416872e+02
8.314217849880634e-06	1.417048e+02
8.314764737044872e-06	1.417097e+02
8.315601428430078e-06	1.417067e+02
8.316512467577051e-06	1.416962e+02
8.317857673475723e-06	1.416731e+02
8.319340445713952e-06	1.416427e+02
8.321254724746882e-06	1.415994e+02
8.323574151536324e-06	1.415447e+02
8.326002321785013e-06	1.414867e+02
8.329003855670667e-06	1.414156e+02
8.332394687762844e-06	1.413370e+02
8.335471105339469e-06	1.412676e+02
8.338039397279615e-06	1.412112e+02
8.340350546050529e-06	1.411616e+02
8.342338240882325e-06	1.411199e+02
8.344187278971091e-06	1.410817e+02
8.346040680538468e-06	1.410442e+02
8.347735979092242e-06	1.410105e+02
8.350005840504641e-06	1.409662e+02
8.352258654276270e-06	1.409232e+02
8.355036935158857e-06	1.408714e+02
8.357559667293298e-06	1.408256e+02
8.360453290954164e-06	1.407746e+02
8.364269082389142e-06	1.407099e+02
8.370452284495388e-06	1.406109e+02
8.379359037118848e-06	1.404806e+02
8.394067068683682e-06	1.402965e+02
8.418126620599656e-06	1.400689e+02
8.458126620599655e-06	1.398334e+02
8.498126620599657e-06	1.397367e+02
8.538126620599656e-06	1.397548e+02
8.578126620599656e-06	1.398497e+02
8.618126620599657e-06	1.399936e+02
8.658126620599657e-06	1.401689e+02
8.698126620599656e-06	1.403670e+02
8.738126620599656e-06	1.405865e+02
8.778126620599656e-06	1.408317e+02
8.818126620599657e-06	1.411110e+02
8.858126620599656e-06	1.414343e+02
8.898126620599656e-06	1.418121e+02
8.938126620599657e-06	1.422531e+02
8.978126620599657e-06	1.427631e+02
9.018126620599657e-06	1.433449e+02
9.058126620599656e-06	1.439983e+02
9.098126620599656e-06	1.447208e+02
9.138126620599657e-06	1.455076e+02
9.178126620599657e-06	1.463523e+02
9.218126620599656e-06	1.472465e+02
9.258126620599658e-06	1.481804e+02
9.298126620599657e-06	1.491426e+02
9.338126620599657e-06	1.501203e+02
9.378126620599657e-06	1.510998e+02
9.418126620599656e-06	1.520669e+02
9.458126620599658e-06	1.530067e+02
9.498126620599657e-06	1.539045e+02
9.538126620599657e-06	1.547533e+02
9.562000000000001e-06	1.552348e+02
9.565000000000001e-06	1.552924e+02
9.569000000000001e-06	1.553678e+02
9.585999999999999e-06	1.556809e+02
9.602000000000001e-06	1.559612e+02
9.602999999999999e-06	1.559782e+02
9.603600000000001e-06	1.559884e+02
9.604240000000000e-06	1.559992e+02
9.605519999999999e-06	1.560208e+02
9.608080000000001e-06	1.560637e+02
9.617824931003430e-06	1.562237e+02
9.618922341564193e-06	1.562414e+02
9.619196694204385e-06	1.562459e+02
9.619265282364432e-06	1.562474e+02
9.619282429404444e-06	1.562484e+02
9.619316723484467e-06	1.562528e+02
9.619325297004472e-06	1.562548e+02
9.619327440384476e-06	1.562556e+02
9.619331727144478e-06	1.562575e+02
9.619340300664484e-06	1.562621e+02
9.619342444044486e-06	1.562635e+02
9.619346730804489e-06	1.562668e+02
9.619355304324494e-06	1.562747e+02
9.619372451364506e-06	1.562914e+02
9.619406745444530e-06	1.563169e+02
9.619459740588698e-06	1.563373e+02
9.619543933738527e-06	1.563505e+02
9.619634310778963e-06	1.563563e+02
9.619815064859837e-06	1.563604e+02
9.620547724748328e-06	1.563676e+02
9.621391724728048e-06	1.563748e+02
9.623079724687492e-06	1.563879e+02
9.626455724606376e-06	1.564078e+02
9.630713373914044e-06	1.564120e+02
9.634869207306547e-06	1.563485e+02
9.638758424520093e-06	1.560719e+02
9.641226711565550e-06	1.554751e+02
9.643498460505126e-06	1.543923e+02
9.645168311758096e-06	1.533856e+02
9.647062824330279e-06	1.522241e+02
9.649194454172510e-06	1.509228e+02
9.650751761391621e-06	1.497537e+02
9.651721685858803e-06	1.486462e+02
9.652434806816018e-06	1.477161e+02
9.652923058043451e-06	1.472610e+02
9.653363449845136e-06	1.469787e+02
9.653833285138037e-06	1.466445e+02
9.654493588530833e-06	1.460573e+02
9.655583268123629e-06	1.448502e+02
9.656704697524188e-06	1.432411e+02
9.657787123723557e-06	1.411870e+02
9.658784056651345e-06	1.387096e+02
9.659814035525023e-06	1.354131e+02
9.660836160899271e-06	1.312508e+02
9.661882873066405e-06	1.258864e+02
9.662909558341523e-06	1.193438e+02
9.663948166784188e-06	1.112286e+02
9.664974871446556e-06	1.015537e+02
9.666012274922834e-06	9.000944e+01
9.667041465722827e-06	7.692427e+01
9.668077622284446e-06	6.270110e+01
9.669107732471746e-06	4.864662e+01
9.670142828263299e-06	3.587745e+01
9.671173758999362e-06	2.554039e+01
9.672208219234633e-06	1.829598e+01
9.673239719402766e-06	1.408842e+01
9.673700644906172e-06	1.328253e+01
9.673963127063891e-06	1.322777e+01
9.674227381624464e-06	1.335845e+01
9.674377490883185e-06	1.349871e+01
9.674542060138436e-06	1.372043e+01
9.674793985583626e-06	1.419119e+01
9.675297836474003e-06	1.555795e+01
9.676118702088937e-06	1.885573e+01
9.677257907817824e-06	2.532110e+01
9.678359318542661e-06	3.354126e+01
9.679515090428467e-06	4.384599e+01
9.680189666611447e-06	5.030169e+01
9.680497087076712e-06	5.304937e+01
9.680801232097266e-06	5.531461e+01
9.680953432804316e-06	5.621936e+01
9.681102910082771e-06	5.689038e+01
9.681401864639682e-06	5.771921e+01
9.681999773753505e-06	5.789199e+01
9.683004734502905e-06	5.517486e+01
9.684327409084190e-06	4.806378e+01
9.686088100346430e-06	3.622927e+01
9.688282740041062e-06	2.234949e+01
9.690868125085045e-06	9.764385e+00
9.693643346959638e-06	1.349239e-01
9.695945883907903e-06	-6.344625e+00
9.697658943689204e-06	-1.127941e+01
9.698658943689203e-06	-1.456904e+01
9.699000000000000e-06	-1.584120e+01
9.699317887378406e-06	-1.711611e+01
9.699364225243187e-06	-1.730898e+01
9.699456900972748e-06	-1.770667e+01
9.699642252431871e-06	-1.852912e+01
9.700000000000000e-06	-2.016610e+01
9.700142857142857e-06	-2.085810e+01
9.700285714285715e-06	-2.157170e+01
9.700428571428571e-06	-2.230692e+01
9.700571428571430e-06	-2.306375e+01
9.700714285714286e-06	-2.384220e+01
9.700857142857144e-06	-2.464226e+01
9.701000000000001e-06	-2.546393e+01
9.701455871511710e-06	-2.829679e+01
9.701926448556056e-06	-3.159433e+01
9.702867602644746e-06	-3.919330e+01
9.704024623789746e-06	-5.036881e+01
9.705410068712708e-06	-6.631597e+01
9.706666065481974e-06	-8.265767e+01
9.707672422887964e-06	-9.510594e+01
9.708155621590485e-06	-9.806318e+01
9.708442526190184e-06	-9.730740e+01
9.708624590118299e-06	-9.617811e+01
9.708729171596353e-06	-9.556236e+01
9.708851866262513e-06	-9.480527e+01
9.708941911787589e-06	-9.422947e+01
9.709041271180903e-06	-9.362653e+01
9.709144784557029e-06	-9.299310e+01
9.709260632617957e-06	-9.226582e+01
9.709389635507513e-06	-9.146338e+01
9.709628349244223e-06	-8.998195e+01
9.709890280619404e-06	-8.835217e+01
9.710201578439023e-06	-8.642323e+01
9.710701879422219e-06	-8.335388e+01
9.711475219494406e-06	-7.878068e+01
9.713021899638780e-06	-7.076701e+01
9.715863486762017e-06	-5.863428e+01
9.716215435159343e-06	-5.755118e+01
9.716919331953996e-06	-5.605836e+01
9.717095306152659e-06	-5.574650e+01
9.717139299702326e-06	-5.568014e+01
9.717227286801657e-06	-5.555167e+01
9.717249283576490e-06	-5.552068e+01
9.717293277126155e-06	-5.546150e+01
9.717381264225488e-06	-5.534375e+01
9.717557238424151e-06	-5.509505e+01
9.717909186821477e-06	-5.459690e+01
9.718390060427003e-06	-5.405637e+01
9.718931816928139e-06	-5.416963e+01
9.719321004810640e-06	-5.596938e+01
9.719703640085506e-06	-6.028758e+01
9.720030943008499e-06	-6.567754e+01
9.720331349665098e-06	-7.126671e+01
9.720634901153903e-06	-7.682204e+01
9.721198411374829e-06	-8.600623e+01
9.722325431816680e-06	-1.009767e+02
9.723568983372079e-06	-1.133759e+02
9.724780020791068e-06	-1.216938e+02
9.726209498835666e-06	-1.282770e+02
9.727281375952615e-06	-1.316661e+02
9.727912300948977e-06	-1.331078e+02
9.728222124858001e-06	-1.336734e+02
9.728387108943168e-06	-1.339152e+02
9.728574354005974e-06	-1.340631e+02
9.728685994967480e-06	-1.341093e+02
9.729029666634812e-06	-1.342278e+02
9.729487895524589e-06	-1.343791e+02
9.729959042009132e-06	-1.345410e+02
9.730549238239521e-06	-1.347704e+02
9.731076053211221e-06	-1.350392e+02
9.731755018449234e-06	-1.354809e+02
9.732226410904203e-06	-1.358204e+02
9.732823539415909e-06	-1.362601e+02
9.733925462325436e-06	-1.370717e+02
9.735305579630868e-06	-1.380838e+02
9.737853054701159e-06	-1.398772e+02
9.740238453140559e-06	-1.412981e+02
9.741340863904861e-06	-1.416792e+02
9.742094306052504e-06	-1.417560e+02
9.742480894716625e-06	-1.417647e+02
9.742973653244746e-06	-1.417701e+02
9.743959170300988e-06	-1.417694e+02
9.744984745118614e-06	-1.417602e+02
9.746239157467845e-06	-1.417413e+02
9.748077172159629e-06	-1.417068e+02
9.750087255926901e-06	-1.416647e+02
9.752455134769961e-06	-1.416122e+02
9.755280175197898e-06	-1.415485e+02
9.758467786558838e-06	-1.414770e+02
9.761583509405420e-06	-1.414086e+02
9.764548518864126e-06	-1.413451e+02
9.767671935005036e-06	-1.412800e+02
9.770540287177502e-06	-1.412218e+02
9.773326374362003e-06	-1.411668e+02
9.775881427115229e-06	-1.411177e+02
9.778403899724727e-06	-1.410705e+02
9.780929393151621e-06	-1.410244e+02
9.783867988442942e-06	-1.409724e+02
9.787551204893960e-06	-1.409094e+02
9.792381525167870e-06	-1.408308e+02
9.798925827073827e-06	-1.407310e+02
9.808230874542657e-06	-1.406024e+02
9.822565850974133e-06	-1.404347e+02
9.848291124907828e-06	-1.402108e+02
9.888291124907827e-06	-1.399990e+02
9.928291124907827e-06	-1.399181e+02
9.968291124907828e-06	-1.399389e+02
9.999999999999999e-06	-1.399997e+02
