0.000000000000000e+00	7.485023e+01	3.244106e+00
7.754642544933304e-09	7.488864e+01	3.244199e+00
2.326392763480033e-08	7.496142e+01	3.244415e+00
5.428249781453397e-08	7.509043e+01	3.244955e+00
9.428249781453401e-08	7.522678e+01	3.245811e+00
1.342824978145341e-07	7.532808e+01	3.246817e+00
1.742824978145341e-07	7.539568e+01	3.247939e+00
2.142824978145341e-07	7.543578e+01	3.249137e+00
2.542824978145342e-07	7.545644e+01	3.250379e+00
2.942824978145342e-07	7.546671e+01	3.251638e+00
3.342824978145343e-07	7.547556e+01	3.252889e+00
3.742824978145343e-07	7.549116e+01	3.254110e+00
4.142824978145343e-07	7.552023e+01	3.255282e+00
4.542824978145344e-07	7.556799e+01	3.256383e+00
4.942824978145344e-07	7.563831e+01	3.257395e+00
5.342824978145345e-07	7.573385e+01	3.258297e+00
5.742824978145345e-07	7.585625e+01	3.259072e+00
6.142824978145345e-07	7.600623e+01	3.259701e+00
6.542824978145346e-07	7.618348e+01	3.260169e+00
6.942824978145346e-07	7.638679e+01	3.260457e+00
7.342824978145347e-07	7.661404e+01	3.260553e+00
7.742824978145347e-07	7.686234e+01	3.260444e+00
8.142824978145347e-07	7.712804e+01	3.260120e+00
8.542824978145348e-07	7.740697e+01	3.259574e+00
8.942824978145348e-07	7.769446e+01	3.258801e+00
9.342824978145349e-07	7.798554e+01	3.257800e+00
9.742824978145349e-07	7.827621e+01	3.256603e+00
9.909999999999999e-07	7.839660e+01	3.256042e+00
9.975649956290699e-07	7.844332e+01	3.255804e+00
1.013694986887210e-06	7.855704e+01	3.255195e+00
1.031000000000000e-06	7.867677e+01	3.254500e+00
1.032000000000000e-06	7.868361e+01	3.254459e+00
1.032600000000000e-06	7.868771e+01	3.254434e+00
1.033240000000000e-06	7.869209e+01	3.254407e+00
1.034520000000000e-06	7.870081e+01	3.254354e+00
1.037080000000000e-06	7.871820e+01	3.254246e+00
1.046824931003430e-06	7.878394e+01	3.253830e+00
1.047922341564193e-06	7.879128e+01	3.253782e+00
1.048196694204384e-06	7.879311e+01	3.253770e+00
1.048265282364432e-06	7.879357e+01	3.253767e+00
1.048282429404443e-06	7.879369e+01	3.253767e+00
1.048316723484467e-06	7.879391e+01	3.253765e+00
1.048325297004473e-06	7.879398e+01	3.253765e+00
1.048327440384475e-06	7.879399e+01	3.253765e+00
1.048331727144478e-06	7.879402e+01	3.253764e+00
1.048340300664484e-06	7.879408e+01	3.253764e+00
1.048342444044485e-06	7.879409e+01	3.253764e+00
1.048346730804488e-06	7.879412e+01	3.253764e+00
1.048355304324494e-06	7.879417e+01	3.253763e+00
1.048372451364506e-06	7.879429e+01	3.253762e+00
1.048406745444530e-06	7.879451e+01	3.253761e+00
1.048459738577628e-06	7.879485e+01	3.253759e+00
1.048543928532514e-06	7.879541e+01	3.253755e+00
1.048634302201107e-06	7.879602e+01	3.253751e+00
1.048815049538292e-06	7.879723e+01	3.253743e+00
1.049547579611898e-06	7.880212e+01	3.253711e+00
1.050391325509407e-06	7.880774e+01	3.253674e+00
1.052078817304425e-06	7.881895e+01	3.253600e+00
1.055453800894461e-06	7.884131e+01	3.253450e+00
1.059711184593628e-06	7.886937e+01	3.253260e+00
1.063867154289998e-06	7.889659e+01	3.253072e+00
1.067757714803134e-06	7.892194e+01	3.252894e+00
1.070226174914427e-06	7.893799e+01	3.252779e+00
1.072499637291735e-06	7.895276e+01	3.252673e+00
1.074170730860015e-06	7.896356e+01	3.252594e+00
1.076065653589692e-06	7.897565e+01	3.252504e+00
1.078196003305681e-06	7.898902e+01	3.252401e+00
1.079755179719405e-06	7.899867e+01	3.252325e+00
1.080725865868793e-06	7.900464e+01	3.252277e+00
1.081438528116500e-06	7.900899e+01	3.252241e+00
1.081927225516920e-06	7.901189e+01	3.252217e+00
1.082366833625859e-06	7.901446e+01	3.252194e+00
1.082836118651035e-06	7.901717e+01	3.252171e+00
1.083498367534328e-06	7.902096e+01	3.252137e+00
1.084583946040290e-06	7.902708e+01	3.252081e+00
1.085707850003408e-06	7.903333e+01	3.252022e+00
1.086788436330191e-06	7.903922e+01	3.251965e+00
1.087787132948428e-06	7.904459e+01	3.251911e+00
1.088815623984763e-06	7.905003e+01	3.251854e+00
1.089838915606428e-06	7.905536e+01	3.251797e+00
1.090884592368507e-06	7.906071e+01	3.251737e+00
1.091912137011023e-06	7.906587e+01	3.251676e+00
1.092950027435386e-06	7.907095e+01	3.251612e+00
1.093977331494567e-06	7.907581e+01	3.251546e+00
1.095014224201539e-06	7.908046e+01	3.251477e+00
1.096043838890947e-06	7.908469e+01	3.251404e+00
1.097079637310546e-06	7.908825e+01	3.251327e+00
1.098110047099495e-06	7.909061e+01	3.251245e+00
1.099144890287194e-06	7.909116e+01	3.251156e+00
1.100176032230765e-06	7.908916e+01	3.251062e+00
1.101210314453458e-06	7.908376e+01	3.250962e+00
1.102241963695900e-06	7.907456e+01	3.250856e+00
1.102706732680817e-06	7.906860e+01	3.250807e+00
1.102956408852886e-06	7.906448e+01	3.250780e+00
1.103197609392500e-06	7.905990e+01	3.250754e+00
1.103384795653942e-06	7.905606e+01	3.250733e+00
1.103567535738599e-06	7.905207e+01	3.250713e+00
1.103848435165028e-06	7.904552e+01	3.250681e+00
1.104349387276702e-06	7.903278e+01	3.250624e+00
1.105039713676684e-06	7.901269e+01	3.250545e+00
1.106177691078669e-06	7.897253e+01	3.250410e+00
1.107270224344714e-06	7.891956e+01	3.250277e+00
1.108444462130961e-06	7.882508e+01	3.250130e+00
1.109117565979155e-06	7.866725e+01	3.250044e+00
1.109555185465245e-06	7.839223e+01	3.249986e+00
1.109713670109941e-06	7.819145e+01	3.249965e+00
1.109801427322062e-06	7.802626e+01	3.249953e+00
1.109885376005573e-06	7.782816e+01	3.249942e+00
1.110053273372596e-06	7.733553e+01	3.249918e+00
1.110356562982482e-06	7.616390e+01	3.249874e+00
1.110963142202253e-06	7.300815e+01	3.249784e+00
1.111897668274040e-06	6.675867e+01	3.249637e+00
1.113162150662728e-06	5.691208e+01	3.249430e+00
1.114809557720605e-06	4.397905e+01	3.249152e+00
1.116925350574516e-06	2.986286e+01	3.248795e+00
1.119444124972197e-06	1.800711e+01	3.248391e+00
1.122238186525031e-06	1.015878e+01	3.247983e+00
1.124333693733549e-06	7.257387e+00	3.247717e+00
1.126666409768815e-06	6.089598e+00	3.247463e+00
1.127666409768815e-06	6.062186e+00	3.247367e+00
1.128000000000000e-06	6.151512e+00	3.247338e+00
1.128332819537630e-06	6.295722e+00	3.247311e+00
1.129000000000000e-06	6.648058e+00	3.247258e+00
1.129142857142857e-06	6.743966e+00	3.247247e+00
1.129285714285714e-06	6.845861e+00	3.247237e+00
1.129428571428571e-06	6.953745e+00	3.247226e+00
1.129571428571428e-06	7.067616e+00	3.247216e+00
1.129714285714286e-06	7.187474e+00	3.247206e+00
1.129857142857143e-06	7.313321e+00	3.247196e+00
1.130000000000000e-06	7.445156e+00	3.247186e+00
1.130329383988406e-06	7.778716e+00	3.247164e+00
1.130669393266761e-06	8.165838e+00	3.247143e+00
1.131349411823471e-06	9.048353e+00	3.247102e+00
1.132272050334003e-06	1.046788e+01	3.247050e+00
1.133217998465004e-06	1.223312e+01	3.247000e+00
1.134220043891160e-06	1.455061e+01	3.246951e+00
1.136224134743473e-06	2.000080e+01	3.246852e+00
1.137052016258996e-06	2.250749e+01	3.246806e+00
1.137546739081529e-06	2.410420e+01	3.246771e+00
1.137745915714466e-06	2.475692e+01	3.246754e+00
1.137887949046381e-06	2.522493e+01	3.246742e+00
1.137975276065128e-06	2.551331e+01	3.246734e+00
1.138021801836681e-06	2.566715e+01	3.246730e+00
1.138077797210787e-06	2.585245e+01	3.246725e+00
1.138116809944454e-06	2.598161e+01	3.246722e+00
1.138171110536345e-06	2.616148e+01	3.246717e+00
1.138231047175440e-06	2.636012e+01	3.246712e+00
1.138301802281741e-06	2.659474e+01	3.246706e+00
1.138383282036683e-06	2.686504e+01	3.246699e+00
1.138490503289610e-06	2.722083e+01	3.246690e+00
1.138605577214152e-06	2.760265e+01	3.246680e+00
1.139051545100845e-06	2.907972e+01	3.246640e+00
1.139370623765202e-06	3.012841e+01	3.246612e+00
1.139956562829453e-06	3.201322e+01	3.246559e+00
1.141128440957956e-06	3.556971e+01	3.246452e+00
1.142669699616300e-06	3.954022e+01	3.246305e+00
1.145055380307302e-06	4.437962e+01	3.246069e+00
1.145419263700631e-06	4.488484e+01	3.246032e+00
1.146147030487288e-06	4.553927e+01	3.245956e+00
1.146328972183953e-06	4.566739e+01	3.245937e+00
1.146374457608119e-06	4.569285e+01	3.245932e+00
1.146465428456451e-06	4.574215e+01	3.245923e+00
1.146488171168534e-06	4.575449e+01	3.245920e+00
1.146493856846555e-06	4.575766e+01	3.245919e+00
1.146505228202597e-06	4.576434e+01	3.245918e+00
1.146527970914680e-06	4.577905e+01	3.245916e+00
1.146573456338846e-06	4.581188e+01	3.245911e+00
1.146664427187178e-06	4.588100e+01	3.245901e+00
1.146846368883842e-06	4.601381e+01	3.245882e+00
1.147108392453764e-06	4.616846e+01	3.245854e+00
1.147587593118583e-06	4.632526e+01	3.245802e+00
1.147983885600034e-06	4.610544e+01	3.245758e+00
1.148334804454855e-06	4.500896e+01	3.245719e+00
1.148761876593289e-06	4.224235e+01	3.245672e+00
1.149059239660489e-06	3.960637e+01	3.245639e+00
1.149364351414455e-06	3.662457e+01	3.245605e+00
1.149698398507698e-06	3.348573e+01	3.245568e+00
1.150366319735822e-06	2.797179e+01	3.245494e+00
1.151478195110392e-06	2.056240e+01	3.245370e+00
1.152695961049264e-06	1.452764e+01	3.245234e+00
1.153935048533709e-06	1.030469e+01	3.245095e+00
1.155397674382528e-06	6.966944e+00	3.244930e+00
1.156460650407019e-06	5.307628e+00	3.244810e+00
1.157082671424981e-06	4.607795e+00	3.244740e+00
1.157389227074035e-06	4.343986e+00	3.244706e+00
1.157555122335176e-06	4.250656e+00	3.244687e+00
1.157715035461328e-06	4.202611e+00	3.244669e+00
1.158056052261254e-06	4.135913e+00	3.244631e+00
1.158398864698187e-06	4.073592e+00	3.244592e+00
1.158860339621211e-06	3.987409e+00	3.244540e+00
1.159384818679112e-06	3.878089e+00	3.244481e+00
1.160107904959862e-06	3.685709e+00	3.244400e+00
1.160924323050179e-06	3.408438e+00	3.244309e+00
1.161509837427594e-06	3.184987e+00	3.244244e+00
1.162163613654984e-06	2.930163e+00	3.244171e+00
1.163204830922076e-06	2.525181e+00	3.244056e+00
1.164433006040239e-06	2.049550e+00	3.243920e+00
1.166441070724725e-06	1.284395e+00	3.243701e+00
1.168698833524225e-06	4.995806e-01	3.243458e+00
1.169839764395269e-06	2.217784e-01	3.243335e+00
1.170462851950936e-06	1.519395e-01	3.243269e+00
1.170919234922926e-06	1.317040e-01	3.243221e+00
1.171470944627012e-06	1.168675e-01	3.243163e+00
1.172177844717345e-06	1.045339e-01	3.243090e+00
1.173075368973671e-06	9.468283e-02	3.242996e+00
1.174116554837744e-06	8.790431e-02	3.242889e+00
1.175623477764887e-06	8.272429e-02	3.242735e+00
1.177282691776927e-06	8.055116e-02	3.242568e+00
1.179886554326026e-06	8.105487e-02	3.242310e+00
1.182592307415105e-06	8.414927e-02	3.242048e+00
1.185671767262733e-06	8.956639e-02	3.241756e+00
1.189199005615775e-06	9.692948e-02	3.241430e+00
1.192378418010814e-06	1.041564e-01	3.241145e+00
1.195481254420734e-06	1.115581e-01	3.240873e+00
1.198325117522257e-06	1.185282e-01	3.240631e+00
1.201110708649219e-06	1.254690e-01	3.240400e+00
1.203655656247996e-06	1.318721e-01	3.240193e+00
1.206050386432382e-06	1.379318e-01	3.240003e+00
1.208272628983257e-06	1.435713e-01	3.239830e+00
1.210532748042188e-06	1.493114e-01	3.239658e+00
1.213230675053973e-06	1.561594e-01	3.239457e+00
1.216654995728967e-06	1.648217e-01	3.239211e+00
1.221226320022800e-06	1.763089e-01	3.238894e+00
1.227389005779369e-06	1.915952e-01	3.238490e+00
1.236209703948190e-06	2.129609e-01	3.237957e+00
1.249536743874111e-06	2.437937e-01	3.237253e+00
1.272940940682209e-06	2.933456e-01	3.236279e+00
1.312940940682209e-06	3.672187e-01	3.235156e+00
1.352940940682209e-06	4.284928e-01	3.234597e+00
1.392940940682209e-06	4.771321e-01	3.234557e+00
1.432940940682209e-06	5.150587e-01	3.234922e+00
1.472940940682209e-06	5.441542e-01	3.235598e+00
1.512940940682209e-06	5.660714e-01	3.236509e+00
1.552940940682209e-06	5.821946e-01	3.237594e+00
1.592940940682209e-06	5.936408e-01	3.238802e+00
1.632940940682209e-06	6.012752e-01	3.240095e+00
1.672940940682209e-06	6.057361e-01	3.241439e+00
1.712940940682209e-06	6.074653e-01	3.242807e+00
1.752940940682209e-06	6.067444e-01	3.244174e+00
1.792940940682209e-06	6.037340e-01	3.245519e+00
1.832940940682209e-06	5.985142e-01	3.246821e+00
1.872940940682209e-06	5.911210e-01	3.248060e+00
1.912940940682209e-06	5.815748e-01	3.249217e+00
1.952940940682209e-06	5.699004e-01	3.250272e+00
1.992940940682210e-06	5.561402e-01	3.251206e+00
2.032940940682210e-06	5.403616e-01	3.252001e+00
2.072940940682210e-06	5.226634e-01	3.252640e+00
2.112940940682210e-06	5.031788e-01	3.253106e+00
2.152940940682210e-06	4.820782e-01	3.253385e+00
2.192940940682210e-06	4.595694e-01	3.253463e+00
2.232940940682210e-06	4.358965e-01	3.253330e+00
2.272940940682210e-06	4.113375e-01	3.252979e+00
2.312940940682210e-06	3.861999e-01	3.252402e+00
2.352940940682210e-06	3.608161e-01	3.251598e+00
2.392940940682210e-06	3.354859e-01	3.250587e+00
2.419000000000000e-06	3.191140e-01	3.249829e+00
2.422000000000000e-06	3.172476e-01	3.249732e+00
2.426000000000000e-06	3.147760e-01	3.249600e+00
2.442999999999998e-06	3.043424e-01	3.249017e+00
2.458000000000000e-06	2.952786e-01	3.248470e+00
2.459000000000000e-06	2.946765e-01	3.248432e+00
2.459600000000000e-06	2.943203e-01	3.248410e+00
2.460000000000000e-06	2.940811e-01	3.248394e+00
2.460600000000000e-06	2.937222e-01	3.248372e+00
2.461240000000000e-06	2.933376e-01	3.248348e+00
2.462520000000000e-06	2.925673e-01	3.248299e+00
2.465080000000000e-06	2.910407e-01	3.248200e+00
2.474824931003430e-06	2.852858e-01	3.247820e+00
2.475922341564193e-06	2.846391e-01	3.247777e+00
2.476196694204384e-06	2.844053e-01	3.247766e+00
2.476265282364431e-06	2.841889e-01	3.247763e+00
2.476282429404443e-06	2.837900e-01	3.247762e+00
2.476316723484467e-06	2.818329e-01	3.247761e+00
2.476325297004473e-06	2.808746e-01	3.247761e+00
2.476327440384475e-06	2.805004e-01	3.247761e+00
2.476331727144477e-06	2.795390e-01	3.247760e+00
2.476340300664483e-06	2.772518e-01	3.247760e+00
2.476342444044485e-06	2.765667e-01	3.247760e+00
2.476346730804488e-06	2.749112e-01	3.247760e+00
2.476355304324494e-06	2.709573e-01	3.247759e+00
2.476372451364506e-06	2.626020e-01	3.247759e+00
2.476406745444530e-06	2.498864e-01	3.247757e+00
2.476459741742894e-06	2.399119e-01	3.247755e+00
2.476543936137011e-06	2.338284e-01	3.247752e+00
2.476634314574293e-06	2.315890e-01	3.247748e+00
2.476815071448856e-06	2.308421e-01	3.247741e+00
2.477547360349571e-06	2.327383e-01	3.247712e+00
2.478390591011749e-06	2.354008e-01	3.247678e+00
2.480077052336106e-06	2.412873e-01	3.247610e+00
2.483449974984821e-06	2.560443e-01	3.247473e+00
2.487706819772903e-06	2.848984e-01	3.247298e+00
2.491863065851325e-06	3.467899e-01	3.247125e+00
2.495756125882824e-06	5.145484e-01	3.246962e+00
2.498225113970030e-06	8.348296e-01	3.246857e+00
2.500501321888713e-06	1.401963e+00	3.246759e+00
2.502174281967753e-06	1.926286e+00	3.246686e+00
2.504069941814432e-06	2.530164e+00	3.246603e+00
2.506198921821528e-06	3.205330e+00	3.246508e+00
2.507757547999595e-06	3.810745e+00	3.246437e+00
2.508727809945107e-06	4.380600e+00	3.246393e+00
2.509440419521471e-06	4.857689e+00	3.246360e+00
2.509929001973092e-06	5.092247e+00	3.246337e+00
2.510368720002456e-06	5.238339e+00	3.246316e+00
2.510838080278760e-06	5.411088e+00	3.246294e+00
2.511499975142225e-06	5.714525e+00	3.246263e+00
2.512587630639611e-06	6.333855e+00	3.246211e+00
2.513710394927309e-06	7.159783e+00	3.246156e+00
2.514791691518125e-06	8.209418e+00	3.246103e+00
2.515789593364556e-06	9.475911e+00	3.246053e+00
2.516818759496986e-06	1.115624e+01	3.246000e+00
2.517841550551762e-06	1.327903e+01	3.245947e+00
2.518887681129034e-06	1.600972e+01	3.245890e+00
2.519914843657663e-06	1.934166e+01	3.245833e+00
2.520953048803187e-06	2.346897e+01	3.245774e+00
2.521980089971514e-06	2.839083e+01	3.245712e+00
2.523017207864584e-06	3.425714e+01	3.245646e+00
2.524046636070383e-06	4.090469e+01	3.245577e+00
2.525082591827259e-06	4.811921e+01	3.245504e+00
2.526112869779614e-06	5.524316e+01	3.245425e+00
2.527147824090932e-06	6.170972e+01	3.245341e+00
2.528178873158923e-06	6.694598e+01	3.245251e+00
2.529213233673151e-06	7.062029e+01	3.245154e+00
2.530244817338703e-06	7.276503e+01	3.245053e+00
2.530711990566067e-06	7.320053e+01	3.245005e+00
2.530907983348291e-06	7.323627e+01	3.244984e+00
2.531133139035280e-06	7.319547e+01	3.244961e+00
2.531341980953516e-06	7.310730e+01	3.244938e+00
2.531546908780631e-06	7.296982e+01	3.244916e+00
2.531829207992846e-06	7.269639e+01	3.244886e+00
2.532288654596215e-06	7.206627e+01	3.244836e+00
2.532941660188672e-06	7.077404e+01	3.244763e+00
2.533996854310076e-06	6.784650e+01	3.244642e+00
2.535138558594684e-06	6.366986e+01	3.244508e+00
2.536245831959466e-06	5.873859e+01	3.244375e+00
2.536921917110955e-06	5.534039e+01	3.244291e+00
2.537438048609264e-06	5.257056e+01	3.244226e+00
2.537631586245402e-06	5.150050e+01	3.244201e+00
2.537767081191356e-06	5.073965e+01	3.244183e+00
2.537901827544433e-06	4.997704e+01	3.244165e+00
2.538053458723626e-06	4.911248e+01	3.244144e+00
2.538356721082011e-06	4.736990e+01	3.244101e+00
2.538939711888482e-06	4.401012e+01	3.244017e+00
2.539762341633571e-06	3.935547e+01	3.243891e+00
2.541059629335828e-06	3.246692e+01	3.243684e+00
2.542610136253450e-06	2.539542e+01	3.243429e+00
2.544758866140860e-06	1.799929e+01	3.243074e+00
2.547195992405109e-06	1.274143e+01	3.242690e+00
2.550022495542507e-06	9.936440e+00	3.242284e+00
2.552130114804171e-06	9.981334e+00	3.242021e+00
2.554611428530865e-06	1.203940e+01	3.241756e+00
2.555358908247988e-06	1.321595e+01	3.241687e+00
2.556505040565754e-06	1.575393e+01	3.241593e+00
2.557030243394526e-06	1.712635e+01	3.241553e+00
2.557312515076769e-06	1.800918e+01	3.241534e+00
2.557635111285047e-06	1.909747e+01	3.241512e+00
2.558000000000000e-06	2.039219e+01	3.241488e+00
2.558142857142857e-06	2.094031e+01	3.241478e+00
2.558285714285714e-06	2.150766e+01	3.241469e+00
2.558428571428571e-06	2.209423e+01	3.241461e+00
2.558571428571428e-06	2.270003e+01	3.241452e+00
2.558714285714286e-06	2.332505e+01	3.241443e+00
2.558857142857143e-06	2.396929e+01	3.241435e+00
2.559000000000000e-06	2.463276e+01	3.241427e+00
2.559387266140085e-06	2.656480e+01	3.241405e+00
2.559787024736302e-06	2.877520e+01	3.241384e+00
2.560586541928735e-06	3.378618e+01	3.241344e+00
2.561739709524664e-06	4.220997e+01	3.241290e+00
2.562893888876703e-06	5.209179e+01	3.241237e+00
2.564504804963174e-06	6.717110e+01	3.241163e+00
2.565191014456916e-06	7.244426e+01	3.241125e+00
2.565606584386730e-06	7.366296e+01	3.241096e+00
2.565773060168775e-06	7.363287e+01	3.241082e+00
2.565893392253254e-06	7.371325e+01	3.241072e+00
2.565958428985432e-06	7.375556e+01	3.241067e+00
2.566000361010870e-06	7.371538e+01	3.241063e+00
2.566049293612142e-06	7.366232e+01	3.241059e+00
2.566088327555862e-06	7.365910e+01	3.241056e+00
2.566143355291496e-06	7.368729e+01	3.241051e+00
2.566194855103916e-06	7.370472e+01	3.241047e+00
2.566256640365255e-06	7.370339e+01	3.241042e+00
2.566330564865610e-06	7.369680e+01	3.241036e+00
2.566447906357895e-06	7.370039e+01	3.241026e+00
2.566557251113725e-06	7.370591e+01	3.241017e+00
2.566752200575559e-06	7.370952e+01	3.241001e+00
2.566932833528018e-06	7.371391e+01	3.240985e+00
2.567294099432935e-06	7.372355e+01	3.240955e+00
2.567722458646713e-06	7.373334e+01	3.240918e+00
2.568270101976247e-06	7.374541e+01	3.240871e+00
2.569087203120480e-06	7.376135e+01	3.240799e+00
2.570160402947936e-06	7.377960e+01	3.240701e+00
2.571785158338168e-06	7.380106e+01	3.240548e+00
2.574263632457758e-06	7.382600e+01	3.240305e+00
2.574639141437774e-06	7.382803e+01	3.240267e+00
2.574733018682779e-06	7.382835e+01	3.240258e+00
2.574920773172787e-06	7.382919e+01	3.240238e+00
2.575296282152803e-06	7.383060e+01	3.240199e+00
2.575870431541029e-06	7.383218e+01	3.240138e+00
2.576421787832330e-06	7.383305e+01	3.240079e+00
2.576884202138203e-06	7.383311e+01	3.240030e+00
2.577273319300260e-06	7.383237e+01	3.239987e+00
2.577635091061477e-06	7.383083e+01	3.239948e+00
2.577972614998801e-06	7.382882e+01	3.239911e+00
2.578312940424252e-06	7.382652e+01	3.239873e+00
2.578682969169392e-06	7.382398e+01	3.239833e+00
2.579322138244214e-06	7.381968e+01	3.239762e+00
2.580600476393860e-06	7.381128e+01	3.239622e+00
2.581792955256561e-06	7.380352e+01	3.239490e+00
2.582666700816991e-06	7.379782e+01	3.239393e+00
2.583408454580459e-06	7.379296e+01	3.239311e+00
2.583954325716056e-06	7.378937e+01	3.239250e+00
2.584436357393441e-06	7.378619e+01	3.239196e+00
2.584927204583505e-06	7.378294e+01	3.239142e+00
2.585576210934392e-06	7.377867e+01	3.239069e+00
2.585919254700492e-06	7.377641e+01	3.239031e+00
2.586116144095917e-06	7.377512e+01	3.239009e+00
2.586219551890101e-06	7.377444e+01	3.238998e+00
2.586274674014309e-06	7.377408e+01	3.238992e+00
2.586312165060314e-06	7.377383e+01	3.238988e+00
2.586388813754895e-06	7.377334e+01	3.238979e+00
2.586457353981350e-06	7.377290e+01	3.238971e+00
2.586528296028047e-06	7.377245e+01	3.238964e+00
2.586647440283922e-06	7.377170e+01	3.238950e+00
2.586857675392777e-06	7.377036e+01	3.238927e+00
2.587278145610487e-06	7.376767e+01	3.238880e+00
2.587730782750070e-06	7.376476e+01	3.238830e+00
2.588255259171843e-06	7.376136e+01	3.238772e+00
2.589033612004863e-06	7.375631e+01	3.238686e+00
2.589772523195589e-06	7.375152e+01	3.238604e+00
2.590326935906152e-06	7.374795e+01	3.238543e+00
2.590997267293223e-06	7.374369e+01	3.238469e+00
2.592065136021620e-06	7.373711e+01	3.238353e+00
2.593420950232832e-06	7.372919e+01	3.238205e+00
2.595674700760741e-06	7.371725e+01	3.237963e+00
2.597903330301443e-06	7.370683e+01	3.237726e+00
2.598988379946605e-06	7.370243e+01	3.237612e+00
2.599608438319403e-06	7.370020e+01	3.237548e+00
2.599970038534392e-06	7.369899e+01	3.237510e+00
2.600425275486589e-06	7.369756e+01	3.237463e+00
2.601335749390981e-06	7.369491e+01	3.237370e+00
2.602198805227672e-06	7.369263e+01	3.237282e+00
2.603304031555861e-06	7.369011e+01	3.237170e+00
2.604886854227944e-06	7.368712e+01	3.237011e+00
2.606586304713963e-06	7.368467e+01	3.236843e+00
2.608761710499434e-06	7.368259e+01	3.236632e+00
2.611095238281016e-06	7.368147e+01	3.236409e+00
2.613878304454200e-06	7.368148e+01	3.236149e+00
2.617132606631043e-06	7.368293e+01	3.235853e+00
2.620342903363718e-06	7.368562e+01	3.235569e+00
2.623287126852290e-06	7.368906e+01	3.235314e+00
2.625977863729277e-06	7.369291e+01	3.235088e+00
2.628036270379512e-06	7.369627e+01	3.234918e+00
2.629882754089358e-06	7.369959e+01	3.234769e+00
2.631730188816715e-06	7.370317e+01	3.234622e+00
2.633511943830367e-06	7.370686e+01	3.234483e+00
2.635872293664554e-06	7.371207e+01	3.234303e+00
2.638340296566076e-06	7.371789e+01	3.234118e+00
2.641275901458166e-06	7.372528e+01	3.233904e+00
2.644175819812367e-06	7.373305e+01	3.233698e+00
2.647005043508154e-06	7.374110e+01	3.233504e+00
2.650597396718723e-06	7.375204e+01	3.233265e+00
2.656329839030150e-06	7.377095e+01	3.232905e+00
2.664997846733557e-06	7.380270e+01	3.232404e+00
2.679005445291735e-06	7.386118e+01	3.231701e+00
2.701749245717347e-06	7.397133e+01	3.230819e+00
2.741749245717347e-06	7.419054e+01	3.229821e+00
2.781749245717347e-06	7.442466e+01	3.229398e+00
2.821749245717347e-06	7.465746e+01	3.229504e+00
2.861749245717347e-06	7.487193e+01	3.230024e+00
2.901749245717347e-06	7.505669e+01	3.230863e+00
2.941749245717347e-06	7.520565e+01	3.231942e+00
2.981749245717347e-06	7.531737e+01	3.233198e+00
3.021749245717347e-06	7.539436e+01	3.234579e+00
3.061749245717347e-06	7.544218e+01	3.236045e+00
3.101749245717347e-06	7.546843e+01	3.237561e+00
3.141749245717347e-06	7.548192e+01	3.239100e+00
3.181749245717347e-06	7.549168e+01	3.240636e+00
3.221749245717347e-06	7.550607e+01	3.242147e+00
3.261749245717347e-06	7.553217e+01	3.243612e+00
3.301749245717347e-06	7.557557e+01	3.245012e+00
3.341749245717347e-06	7.564045e+01	3.246327e+00
3.381749245717348e-06	7.572974e+01	3.247538e+00
3.421749245717348e-06	7.584534e+01	3.248626e+00
3.461749245717348e-06	7.598818e+01	3.249573e+00
3.501749245717348e-06	7.615821e+01	3.250362e+00
3.541749245717348e-06	7.635444e+01	3.250977e+00
3.581749245717348e-06	7.657498e+01	3.251404e+00
3.621749245717348e-06	7.681711e+01	3.251630e+00
3.661749245717348e-06	7.707739e+01	3.251645e+00
3.701749245717348e-06	7.735178e+01	3.251441e+00
3.741749245717348e-06	7.763575e+01	3.251011e+00
3.781749245717348e-06	7.792441e+01	3.250355e+00
3.821749245717348e-06	7.821329e+01	3.249492e+00
3.847999999999999e-06	7.840150e+01	3.248826e+00
3.851000000000000e-06	7.842274e+01	3.248741e+00
3.863000000000001e-06	7.850694e+01	3.248382e+00
3.866428571428572e-06	7.853091e+01	3.248277e+00
3.869857142857144e-06	7.855477e+01	3.248170e+00
3.873285714285715e-06	7.857854e+01	3.248062e+00
3.876714285714286e-06	7.860221e+01	3.247952e+00
3.880142857142857e-06	7.862577e+01	3.247840e+00
3.883571428571429e-06	7.864924e+01	3.247727e+00
3.887000000000000e-06	7.867260e+01	3.247612e+00
3.888000000000000e-06	7.867940e+01	3.247578e+00
3.888600000000000e-06	7.868347e+01	3.247557e+00
3.889000000000000e-06	7.868618e+01	3.247544e+00
3.889600000000000e-06	7.869025e+01	3.247523e+00
3.890240000000000e-06	7.869458e+01	3.247502e+00
3.891520000000000e-06	7.870324e+01	3.247458e+00
3.894080000000001e-06	7.872050e+01	3.247369e+00
3.903824931003430e-06	7.878571e+01	3.247025e+00
3.904922341564194e-06	7.879298e+01	3.246985e+00
3.905196694204384e-06	7.879480e+01	3.246976e+00
3.905265282364431e-06	7.879526e+01	3.246973e+00
3.905282429404443e-06	7.879537e+01	3.246973e+00
3.905316723484468e-06	7.879560e+01	3.246971e+00
3.905325297004473e-06	7.879565e+01	3.246971e+00
3.905327440384474e-06	7.879567e+01	3.246971e+00
3.905331727144478e-06	7.879570e+01	3.246971e+00
3.905340300664484e-06	7.879575e+01	3.246970e+00
3.905342444044485e-06	7.879577e+01	3.246970e+00
3.905346730804488e-06	7.879580e+01	3.246970e+00
3.905355304324494e-06	7.879585e+01	3.246970e+00
3.905372451364506e-06	7.879597e+01	3.246969e+00
3.905406745444530e-06	7.879619e+01	3.246968e+00
3.905459741259597e-06	7.879653e+01	3.246966e+00
3.905543934523477e-06	7.879708e+01	3.246963e+00
3.905634311831202e-06	7.879768e+01	3.246960e+00
3.905815066446652e-06	7.879888e+01	3.246953e+00
3.906547115749986e-06	7.880373e+01	3.246927e+00
3.907389861969829e-06	7.880930e+01	3.246896e+00
3.909075354409515e-06	7.882040e+01	3.246834e+00
3.912446339288887e-06	7.884255e+01	3.246710e+00
3.916702677004009e-06	7.887037e+01	3.246551e+00
3.920859182922853e-06	7.889737e+01	3.246394e+00
3.924754591777261e-06	7.892254e+01	3.246245e+00
3.927224127696323e-06	7.893845e+01	3.246149e+00
3.929502494776916e-06	7.895314e+01	3.246060e+00
3.931176974981180e-06	7.896387e+01	3.245993e+00
3.933073229470588e-06	7.897587e+01	3.245917e+00
3.935201098418925e-06	7.898911e+01	3.245830e+00
3.936759091680553e-06	7.899866e+01	3.245765e+00
3.937728916035335e-06	7.900456e+01	3.245725e+00
3.938441521078032e-06	7.900887e+01	3.245694e+00
3.938929956238174e-06	7.901175e+01	3.245673e+00
3.939369839427049e-06	7.901429e+01	3.245655e+00
3.939839311064662e-06	7.901698e+01	3.245634e+00
3.940500710501561e-06	7.902072e+01	3.245605e+00
3.941590427565421e-06	7.902681e+01	3.245557e+00
3.942712040523552e-06	7.903297e+01	3.245507e+00
3.943794090741323e-06	7.903882e+01	3.245458e+00
3.944791183222597e-06	7.904412e+01	3.245412e+00
3.945821035840095e-06	7.904951e+01	3.245363e+00
3.946843311207657e-06	7.905477e+01	3.245313e+00
3.947889907371996e-06	7.906007e+01	3.245260e+00
3.948916679627708e-06	7.906516e+01	3.245207e+00
3.949955207540624e-06	7.907017e+01	3.245151e+00
3.950981979241848e-06	7.907495e+01	3.245094e+00
3.952019327741905e-06	7.907953e+01	3.245032e+00
3.953048564944136e-06	7.908367e+01	3.244967e+00
3.954084681958946e-06	7.908715e+01	3.244897e+00
3.955114824877481e-06	7.908942e+01	3.244823e+00
3.956149893037478e-06	7.908984e+01	3.244742e+00
3.957180846958666e-06	7.908772e+01	3.244656e+00
3.958215287687392e-06	7.908214e+01	3.244563e+00
3.959246804176878e-06	7.907274e+01	3.244465e+00
3.959714516744549e-06	7.906671e+01	3.244420e+00
3.959896360719309e-06	7.906374e+01	3.244401e+00
3.960114543050732e-06	7.905968e+01	3.244379e+00
3.960328723152447e-06	7.905538e+01	3.244357e+00
3.960539267409922e-06	7.905083e+01	3.244335e+00
3.960820796891544e-06	7.904431e+01	3.244306e+00
3.961271252741829e-06	7.903294e+01	3.244258e+00
3.961913760848283e-06	7.901456e+01	3.244189e+00
3.962946375771579e-06	7.897903e+01	3.244076e+00
3.964101880385480e-06	7.892633e+01	3.243944e+00
3.965191106835460e-06	7.885064e+01	3.243817e+00
3.965865386307368e-06	7.873676e+01	3.243736e+00
3.966380873384293e-06	7.851579e+01	3.243673e+00
3.966574924977789e-06	7.832526e+01	3.243649e+00
3.966711878706222e-06	7.809508e+01	3.243631e+00
3.966848384037973e-06	7.778512e+01	3.243613e+00
3.966996828146142e-06	7.735205e+01	3.243594e+00
3.967293716362480e-06	7.620947e+01	3.243553e+00
3.967863952071482e-06	7.330602e+01	3.243473e+00
3.968671214175981e-06	6.801958e+01	3.243353e+00
3.969959309518799e-06	5.808760e+01	3.243153e+00
3.971504848587407e-06	4.588562e+01	3.242904e+00
3.973634865028942e-06	3.124024e+01	3.242561e+00
3.976065288729241e-06	1.919642e+01	3.242186e+00
3.978895240104052e-06	1.068902e+01	3.241788e+00
3.981049548225103e-06	7.432416e+00	3.241527e+00
3.983546494082110e-06	6.010371e+00	3.241269e+00
3.984546494082110e-06	5.947178e+00	3.241180e+00
3.985000000000000e-06	6.054254e+00	3.241143e+00
3.985278964492661e-06	6.168632e+00	3.241123e+00
3.985650917149542e-06	6.356881e+00	3.241096e+00
3.986000000000000e-06	6.555927e+00	3.241071e+00
3.986142857142857e-06	6.651500e+00	3.241062e+00
3.986285714285713e-06	6.752984e+00	3.241052e+00
3.986428571428571e-06	6.860377e+00	3.241043e+00
3.986571428571428e-06	6.973680e+00	3.241034e+00
3.986714285714285e-06	7.092892e+00	3.241025e+00
3.986857142857142e-06	7.218015e+00	3.241016e+00
3.986999999999999e-06	7.349048e+00	3.241007e+00
3.987067943935687e-06	7.414005e+00	3.241003e+00
3.987135887871375e-06	7.480742e+00	3.240999e+00
3.987203831807063e-06	7.549260e+00	3.240995e+00
3.987271775742751e-06	7.619559e+00	3.240991e+00
3.987339719678439e-06	7.691638e+00	3.240987e+00
3.987407663614127e-06	7.765497e+00	3.240984e+00
3.987475607549815e-06	7.841137e+00	3.240980e+00
3.987966557278656e-06	8.440582e+00	3.240953e+00
3.988948456736340e-06	9.867726e+00	3.240904e+00
3.990145640363363e-06	1.202907e+01	3.240849e+00
3.991543299737998e-06	1.517132e+01	3.240790e+00
3.992885552217016e-06	1.875373e+01	3.240734e+00
3.993899553359338e-06	2.176719e+01	3.240686e+00
3.994385242150520e-06	2.328865e+01	3.240656e+00
3.994592373648199e-06	2.395076e+01	3.240641e+00
3.994757988841138e-06	2.448360e+01	3.240628e+00
3.994862401726630e-06	2.482050e+01	3.240620e+00
3.994922181902938e-06	2.501373e+01	3.240615e+00
3.994991107361477e-06	2.523678e+01	3.240610e+00
3.995051128811898e-06	2.543118e+01	3.240605e+00
3.995115730511393e-06	2.564058e+01	3.240600e+00
3.995190657901913e-06	2.588364e+01	3.240594e+00
3.995273454662165e-06	2.615241e+01	3.240587e+00
3.995386499359400e-06	2.651958e+01	3.240578e+00
3.995507203335929e-06	2.691175e+01	3.240569e+00
3.995748611288986e-06	2.769587e+01	3.240549e+00
3.995989554794235e-06	2.847703e+01	3.240530e+00
3.996332350056932e-06	2.958163e+01	3.240502e+00
3.996932944613770e-06	3.147640e+01	3.240453e+00
3.998134133727447e-06	3.496721e+01	3.240350e+00
4.000536511954803e-06	4.116082e+01	3.240140e+00
4.000922382605442e-06	4.197216e+01	3.240105e+00
4.001694123906722e-06	4.328321e+01	3.240033e+00
4.002272929882680e-06	4.403484e+01	3.239978e+00
4.003044671183960e-06	4.480394e+01	3.239904e+00
4.003237606509281e-06	4.495392e+01	3.239885e+00
4.003285840340610e-06	4.498403e+01	3.239880e+00
4.003382308003271e-06	4.504365e+01	3.239871e+00
4.003575243328590e-06	4.516941e+01	3.239852e+00
4.003961113979229e-06	4.541361e+01	3.239814e+00
4.004461782872845e-06	4.561416e+01	3.239763e+00
4.005030623800735e-06	4.527403e+01	3.239705e+00
4.005458597433086e-06	4.380905e+01	3.239661e+00
4.005900291684766e-06	4.074052e+01	3.239616e+00
4.006194043889804e-06	3.806923e+01	3.239585e+00
4.006490844520706e-06	3.521265e+01	3.239554e+00
4.006887806441795e-06	3.164120e+01	3.239513e+00
4.007681730283976e-06	2.546815e+01	3.239431e+00
4.008699790699585e-06	1.916950e+01	3.239325e+00
4.009960606640070e-06	1.343228e+01	3.239194e+00
4.011194086708816e-06	9.513071e+00	3.239065e+00
4.012443796726627e-06	6.824649e+00	3.238934e+00
4.013495117038376e-06	5.250218e+00	3.238824e+00
4.014096662292307e-06	4.584698e+00	3.238761e+00
4.014396017058612e-06	4.333547e+00	3.238729e+00
4.014559599494908e-06	4.245831e+00	3.238712e+00
4.014717351842144e-06	4.201106e+00	3.238696e+00
4.015059843923658e-06	4.134939e+00	3.238660e+00
4.015404350598705e-06	4.072423e+00	3.238624e+00
4.015860188218644e-06	3.987212e+00	3.238576e+00
4.016389146298945e-06	3.877216e+00	3.238521e+00
4.017078907959377e-06	3.695464e+00	3.238449e+00
4.017812470870683e-06	3.448386e+00	3.238372e+00
4.018380569580132e-06	3.232327e+00	3.238313e+00
4.019008376109298e-06	2.987915e+00	3.238248e+00
4.019966304485129e-06	2.615234e+00	3.238149e+00
4.021157451262507e-06	2.153467e+00	3.238027e+00
4.023041108920576e-06	1.429624e+00	3.237836e+00
4.025379946043821e-06	5.878063e-01	3.237601e+00
4.026584439086558e-06	2.603704e-01	3.237481e+00
4.027202802545306e-06	1.730434e-01	3.237420e+00
4.027830936369667e-06	1.366461e-01	3.237359e+00
4.028357080099207e-06	1.201266e-01	3.237308e+00
4.028950550726918e-06	1.087862e-01	3.237250e+00
4.029903588795391e-06	9.724319e-02	3.237158e+00
4.030942011279887e-06	8.972849e-02	3.237059e+00
4.032500098349659e-06	8.383685e-02	3.236912e+00
4.034126549737363e-06	8.127374e-02	3.236760e+00
4.036274091475388e-06	8.112676e-02	3.236563e+00
4.038494535671807e-06	8.311974e-02	3.236363e+00
4.041210536824743e-06	8.734456e-02	3.236124e+00
4.044236794208850e-06	9.319982e-02	3.235864e+00
4.047317092710420e-06	9.985469e-02	3.235606e+00
4.050296042282804e-06	1.067161e-01	3.235364e+00
4.053444111131319e-06	1.142515e-01	3.235115e+00
4.056295223134751e-06	1.212383e-01	3.234896e+00
4.059052271759435e-06	1.280935e-01	3.234690e+00
4.061533633804458e-06	1.343156e-01	3.234509e+00
4.063927765892924e-06	1.403476e-01	3.234338e+00
4.066206046943718e-06	1.461002e-01	3.234180e+00
4.068696869158444e-06	1.523922e-01	3.234011e+00
4.071807406850185e-06	1.602346e-01	3.233807e+00
4.075834266941998e-06	1.703402e-01	3.233552e+00
4.081225973406476e-06	1.837416e-01	3.233229e+00
4.088693628766102e-06	2.019741e-01	3.232815e+00
4.099643393374891e-06	2.278297e-01	3.232275e+00
4.117197583945315e-06	2.665069e-01	3.231582e+00
4.152305965086163e-06	3.354501e-01	3.230640e+00
4.192305965086163e-06	4.020459e-01	3.230129e+00
4.232305965086163e-06	4.557719e-01	3.230166e+00
4.272305965086164e-06	4.979807e-01	3.230654e+00
4.312305965086163e-06	5.306052e-01	3.231489e+00
4.352305965086163e-06	5.554017e-01	3.232591e+00
4.392305965086163e-06	5.738675e-01	3.233891e+00
4.432305965086164e-06	5.872303e-01	3.235334e+00
4.472305965086163e-06	5.964585e-01	3.236879e+00
4.512305965086163e-06	6.022820e-01	3.238489e+00
4.552305965086164e-06	6.052209e-01	3.240134e+00
4.592305965086164e-06	6.056185e-01	3.241790e+00
4.632305965086164e-06	6.036806e-01	3.243433e+00
4.672305965086163e-06	5.995150e-01	3.245044e+00
4.712305965086164e-06	5.931712e-01	3.246601e+00
4.752305965086164e-06	5.846719e-01	3.248085e+00
4.792305965086164e-06	5.740369e-01	3.249476e+00
4.832305965086163e-06	5.612988e-01	3.250756e+00
4.872305965086164e-06	5.465125e-01	3.251906e+00
4.912305965086164e-06	5.297619e-01	3.252908e+00
4.952305965086164e-06	5.111642e-01	3.253745e+00
4.992305965086164e-06	4.908729e-01	3.254402e+00
5.032305965086164e-06	4.690788e-01	3.254865e+00
5.072305965086164e-06	4.460098e-01	3.255123e+00
5.112305965086164e-06	4.219288e-01	3.255166e+00
5.152305965086164e-06	3.971300e-01	3.254986e+00
5.192305965086164e-06	3.719349e-01	3.254582e+00
5.232305965086165e-06	3.466865e-01	3.253950e+00
5.272305965086164e-06	3.215871e-01	3.253145e+00
5.276000000000000e-06	3.192916e-01	3.253059e+00
5.283388069827670e-06	3.147469e-01	3.252870e+00
5.301164209483011e-06	3.038890e-01	3.252395e+00
5.316000000000000e-06	2.949731e-01	3.251963e+00
5.317000000000000e-06	2.943797e-01	3.251933e+00
5.317600000000000e-06	2.940226e-01	3.251915e+00
5.318240000000000e-06	2.936399e-01	3.251896e+00
5.319520000000000e-06	2.928732e-01	3.251857e+00
5.322080000000000e-06	2.913538e-01	3.251778e+00
5.331824931003430e-06	2.856262e-01	3.251471e+00
5.332922341564192e-06	2.849825e-01	3.251436e+00
5.333196694204384e-06	2.847495e-01	3.251427e+00
5.333265282364431e-06	2.845332e-01	3.251425e+00
5.333282429404443e-06	2.841344e-01	3.251424e+00
5.333316723484466e-06	2.821774e-01	3.251423e+00
5.333325297004473e-06	2.812191e-01	3.251423e+00
5.333327440384475e-06	2.808449e-01	3.251423e+00
5.333331727144477e-06	2.798835e-01	3.251423e+00
5.333340300664483e-06	2.775962e-01	3.251422e+00
5.333342444044485e-06	2.769112e-01	3.251422e+00
5.333346730804488e-06	2.752557e-01	3.251422e+00
5.333355304324493e-06	2.713018e-01	3.251422e+00
5.333372451364505e-06	2.629465e-01	3.251421e+00
5.333406745444530e-06	2.502307e-01	3.251420e+00
5.333459741618809e-06	2.402562e-01	3.251419e+00
5.333543936387810e-06	2.341730e-01	3.251416e+00
5.333634315133499e-06	2.319343e-01	3.251413e+00
5.333815072624880e-06	2.311888e-01	3.251407e+00
5.334547752187820e-06	2.330906e-01	3.251383e+00
5.335391783773197e-06	2.357612e-01	3.251356e+00
5.337079846943951e-06	2.416665e-01	3.251300e+00
5.340455973285457e-06	2.564752e-01	3.251189e+00
5.344713655625682e-06	2.854211e-01	3.251046e+00
5.348869472062751e-06	3.474987e-01	3.250905e+00
5.352758554898390e-06	5.156329e-01	3.250771e+00
5.355226769084146e-06	8.363638e-01	3.250684e+00
5.357498628069352e-06	1.402820e+00	3.250604e+00
5.359168538263607e-06	1.926319e+00	3.250544e+00
5.361063061737999e-06	2.529935e+00	3.250475e+00
5.363194590555242e-06	3.206034e+00	3.250396e+00
5.364752331303696e-06	3.811130e+00	3.250338e+00
5.365722456325126e-06	4.380899e+00	3.250300e+00
5.366435487498126e-06	4.858418e+00	3.250273e+00
5.366923842747324e-06	5.093016e+00	3.250254e+00
5.367364062465666e-06	5.239323e+00	3.250237e+00
5.367833778848449e-06	5.412217e+00	3.250218e+00
5.368494523414029e-06	5.715181e+00	3.250192e+00
5.369583214550347e-06	6.335181e+00	3.250148e+00
5.370705232538384e-06	7.160717e+00	3.250102e+00
5.371787225680488e-06	8.211303e+00	3.250057e+00
5.372784578442196e-06	9.477531e+00	3.250014e+00
5.373814202828788e-06	1.115931e+01	3.249969e+00
5.374836604542000e-06	1.328236e+01	3.249924e+00
5.375883070656003e-06	1.601554e+01	3.249875e+00
5.376909960201008e-06	1.934893e+01	3.249826e+00
5.377948398075137e-06	2.348061e+01	3.249774e+00
5.378975245074460e-06	2.840652e+01	3.249720e+00
5.380012527157667e-06	3.428135e+01	3.249662e+00
5.381041818644142e-06	4.094027e+01	3.249601e+00
5.382077890117733e-06	4.817522e+01	3.249535e+00
5.383108071476263e-06	5.532392e+01	3.249465e+00
5.384143107249962e-06	6.181695e+01	3.249388e+00
5.385174088157530e-06	6.707308e+01	3.249306e+00
5.386208506099397e-06	7.075583e+01	3.249217e+00
5.387240041681477e-06	7.289458e+01	3.249123e+00
5.387701916747805e-06	7.330589e+01	3.249079e+00
5.387959065446005e-06	7.333321e+01	3.249054e+00
5.388223718514473e-06	7.326479e+01	3.249028e+00
5.388382119621881e-06	7.318758e+01	3.249012e+00
5.388541683076185e-06	7.307572e+01	3.248996e+00
5.388789080240505e-06	7.283659e+01	3.248972e+00
5.389283874569145e-06	7.215738e+01	3.248921e+00
5.390016810376527e-06	7.068405e+01	3.248845e+00
5.391129017130765e-06	6.752900e+01	3.248726e+00
5.392239442264413e-06	6.337089e+01	3.248604e+00
5.393378984333361e-06	5.819732e+01	3.248474e+00
5.394049581836542e-06	5.478563e+01	3.248396e+00
5.394487018742084e-06	5.241961e+01	3.248343e+00
5.394644802499343e-06	5.154373e+01	3.248324e+00
5.394734727893764e-06	5.103846e+01	3.248313e+00
5.394821082894412e-06	5.055006e+01	3.248302e+00
5.394993792895709e-06	4.956652e+01	3.248280e+00
5.395281573991848e-06	4.791423e+01	3.248241e+00
5.395857136184127e-06	4.459626e+01	3.248162e+00
5.396756273473842e-06	3.949765e+01	3.248032e+00
5.398003284162240e-06	3.286426e+01	3.247842e+00
5.399615069885691e-06	2.549081e+01	3.247588e+00
5.401704371492546e-06	1.827541e+01	3.247259e+00
5.404190029244540e-06	1.290839e+01	3.246886e+00
5.406993104217220e-06	1.011578e+01	3.246504e+00
5.409076708135839e-06	1.016901e+01	3.246259e+00
5.411545455163241e-06	1.225944e+01	3.246014e+00
5.412384083348425e-06	1.358148e+01	3.245942e+00
5.413322743629631e-06	1.567898e+01	3.245873e+00
5.413999999999999e-06	1.758444e+01	3.245827e+00
5.415000000000000e-06	2.087434e+01	3.245765e+00
5.415142857142857e-06	2.143393e+01	3.245757e+00
5.415285714285714e-06	2.201301e+01	3.245750e+00
5.415428571428572e-06	2.261157e+01	3.245742e+00
5.415571428571428e-06	2.322962e+01	3.245734e+00
5.415714285714286e-06	2.386717e+01	3.245727e+00
5.415857142857143e-06	2.452420e+01	3.245720e+00
5.416000000000000e-06	2.520071e+01	3.245713e+00
5.416069696189032e-06	2.554012e+01	3.245709e+00
5.416139392378063e-06	2.588608e+01	3.245705e+00
5.416209088567095e-06	2.623860e+01	3.245702e+00
5.416278784756127e-06	2.659767e+01	3.245699e+00
5.416348480945159e-06	2.696330e+01	3.245695e+00
5.416418177134190e-06	2.733549e+01	3.245692e+00
5.416487873323222e-06	2.771424e+01	3.245689e+00
5.416991484495579e-06	3.065903e+01	3.245667e+00
5.417998706840296e-06	3.750073e+01	3.245625e+00
5.419468524199076e-06	4.938252e+01	3.245568e+00
5.421120658004160e-06	6.462709e+01	3.245504e+00
5.421915323127670e-06	7.143575e+01	3.245469e+00
5.422365583747303e-06	7.351733e+01	3.245443e+00
5.422545502765665e-06	7.366069e+01	3.245430e+00
5.422720700644145e-06	7.370818e+01	3.245417e+00
5.422815665346898e-06	7.371343e+01	3.245410e+00
5.422871299057123e-06	7.367844e+01	3.245406e+00
5.422936097039846e-06	7.366806e+01	3.245401e+00
5.422986428369741e-06	7.368898e+01	3.245397e+00
5.423045416575576e-06	7.370538e+01	3.245393e+00
5.423107901905578e-06	7.370194e+01	3.245388e+00
5.423183645025732e-06	7.369590e+01	3.245382e+00
5.423281746929327e-06	7.370019e+01	3.245375e+00
5.423394130307746e-06	7.370600e+01	3.245366e+00
5.423565671967362e-06	7.370912e+01	3.245353e+00
5.423746668506743e-06	7.371362e+01	3.245339e+00
5.424108661585507e-06	7.372332e+01	3.245311e+00
5.424583637443508e-06	7.373434e+01	3.245275e+00
5.425169665800868e-06	7.374730e+01	3.245228e+00
5.426086595949250e-06	7.376517e+01	3.245154e+00
5.427289022812120e-06	7.378531e+01	3.245054e+00
5.429081639993880e-06	7.381001e+01	3.244900e+00
5.429424223073203e-06	7.381407e+01	3.244870e+00
5.430109389231850e-06	7.382069e+01	3.244807e+00
5.431479721549142e-06	7.383105e+01	3.244680e+00
5.431862329921077e-06	7.383324e+01	3.244644e+00
5.432015373269852e-06	7.383392e+01	3.244629e+00
5.432321459967399e-06	7.383511e+01	3.244600e+00
5.432834773819788e-06	7.383669e+01	3.244549e+00
5.433334248063786e-06	7.383773e+01	3.244500e+00
5.433773936156224e-06	7.383811e+01	3.244456e+00
5.434136912578300e-06	7.383781e+01	3.244420e+00
5.434466768368014e-06	7.383684e+01	3.244386e+00
5.434801623872680e-06	7.383521e+01	3.244352e+00
5.435091350906275e-06	7.383350e+01	3.244323e+00
5.435401431034484e-06	7.383154e+01	3.244291e+00
5.435868611689894e-06	7.382861e+01	3.244243e+00
5.436714018458142e-06	7.382346e+01	3.244157e+00
5.437745201363703e-06	7.381731e+01	3.244051e+00
5.439059858914686e-06	7.380952e+01	3.243917e+00
5.440316428234762e-06	7.380204e+01	3.243787e+00
5.441574885081500e-06	7.379450e+01	3.243657e+00
5.442712276734888e-06	7.378767e+01	3.243540e+00
5.443211504446582e-06	7.378469e+01	3.243488e+00
5.443491679393213e-06	7.378304e+01	3.243459e+00
5.443762621317482e-06	7.378146e+01	3.243431e+00
5.444076715880635e-06	7.377964e+01	3.243399e+00
5.444390066169216e-06	7.377781e+01	3.243367e+00
5.444844335641192e-06	7.377513e+01	3.243320e+00
5.445436627046525e-06	7.377164e+01	3.243259e+00
5.445937460571087e-06	7.376866e+01	3.243208e+00
5.446601100053829e-06	7.376472e+01	3.243140e+00
5.447057680575835e-06	7.376202e+01	3.243093e+00
5.447644995314834e-06	7.375860e+01	3.243033e+00
5.448757356814360e-06	7.375227e+01	3.242920e+00
5.450157143459749e-06	7.374475e+01	3.242779e+00
5.452788123903522e-06	7.373199e+01	3.242517e+00
5.455146597592797e-06	7.372198e+01	3.242286e+00
5.456237485901555e-06	7.371802e+01	3.242180e+00
5.456959746322735e-06	7.371571e+01	3.242111e+00
5.457310997429413e-06	7.371466e+01	3.242077e+00
5.457764853849515e-06	7.371339e+01	3.242034e+00
5.458672566689719e-06	7.371106e+01	3.241948e+00
5.459659589506757e-06	7.370879e+01	3.241856e+00
5.460860315619964e-06	7.370643e+01	3.241744e+00
5.462664388706132e-06	7.370361e+01	3.241579e+00
5.464606886786346e-06	7.370143e+01	3.241404e+00
5.466931407052040e-06	7.369991e+01	3.241198e+00
5.469417752130992e-06	7.369943e+01	3.240983e+00
5.472447687377852e-06	7.370020e+01	3.240727e+00
5.475482438552825e-06	7.370217e+01	3.240478e+00
5.478271921117086e-06	7.370495e+01	3.240255e+00
5.480874338384655e-06	7.370828e+01	3.240053e+00
5.483245361758924e-06	7.371186e+01	3.239873e+00
5.485246903010668e-06	7.371526e+01	3.239724e+00
5.487107138117145e-06	7.371872e+01	3.239588e+00
5.488972300792709e-06	7.372246e+01	3.239455e+00
5.490689666182839e-06	7.372612e+01	3.239335e+00
5.492955270093523e-06	7.373127e+01	3.239179e+00
5.495209653489163e-06	7.373672e+01	3.239028e+00
5.497745400087645e-06	7.374322e+01	3.238863e+00
5.500424260831922e-06	7.375050e+01	3.238692e+00
5.503213432443676e-06	7.375853e+01	3.238521e+00
5.506778935080312e-06	7.376951e+01	3.238310e+00
5.512670168855244e-06	7.378918e+01	3.237982e+00
5.520943623932606e-06	7.381982e+01	3.237563e+00
5.534979181912871e-06	7.387891e+01	3.236955e+00
5.556481201019206e-06	7.398360e+01	3.236267e+00
5.596481201019205e-06	7.420380e+01	3.235534e+00
5.636481201019205e-06	7.443892e+01	3.235373e+00
5.676481201019205e-06	7.467293e+01	3.235745e+00
5.716481201019206e-06	7.488858e+01	3.236534e+00
5.756481201019205e-06	7.507435e+01	3.237643e+00
5.796481201019205e-06	7.522399e+01	3.238996e+00
5.836481201019205e-06	7.533597e+01	3.240527e+00
5.876481201019206e-06	7.541273e+01	3.242186e+00
5.916481201019206e-06	7.545979e+01	3.243930e+00
5.956481201019205e-06	7.548478e+01	3.245727e+00
5.996481201019206e-06	7.549656e+01	3.247548e+00
6.036481201019206e-06	7.550423e+01	3.249368e+00
6.076481201019206e-06	7.551626e+01	3.251165e+00
6.116481201019205e-06	7.553983e+01	3.252918e+00
6.156481201019206e-06	7.558060e+01	3.254608e+00
6.196481201019206e-06	7.564280e+01	3.256215e+00
6.236481201019206e-06	7.572939e+01	3.257719e+00
6.276481201019205e-06	7.584233e+01	3.259102e+00
6.316481201019206e-06	7.598257e+01	3.260346e+00
6.356481201019206e-06	7.615014e+01	3.261434e+00
6.396481201019206e-06	7.634407e+01	3.262350e+00
6.436481201019206e-06	7.656252e+01	3.263078e+00
6.476481201019206e-06	7.680280e+01	3.263608e+00
6.516481201019207e-06	7.706152e+01	3.263926e+00
6.556481201019206e-06	7.733465e+01	3.264027e+00
6.596481201019206e-06	7.761768e+01	3.263903e+00
6.636481201019206e-06	7.790573e+01	3.263552e+00
6.676481201019207e-06	7.819424e+01	3.262992e+00
6.704999999999999e-06	7.839852e+01	3.262482e+00
6.708000000000000e-06	7.841972e+01	3.262419e+00
6.712000000000000e-06	7.844786e+01	3.262331e+00
6.728999999999999e-06	7.856645e+01	3.261935e+00
6.731285714285713e-06	7.858224e+01	3.261879e+00
6.733571428571427e-06	7.859799e+01	3.261822e+00
6.735857142857142e-06	7.861369e+01	3.261765e+00
6.738142857142856e-06	7.862935e+01	3.261706e+00
6.740428571428571e-06	7.864497e+01	3.261647e+00
6.742714285714285e-06	7.866054e+01	3.261588e+00
6.745000000000000e-06	7.867607e+01	3.261528e+00
6.745999999999999e-06	7.868285e+01	3.261501e+00
6.746600000000000e-06	7.868691e+01	3.261485e+00
6.747240000000000e-06	7.869125e+01	3.261468e+00
6.748520000000000e-06	7.869989e+01	3.261433e+00
6.751080000000001e-06	7.871712e+01	3.261363e+00
6.760824931003430e-06	7.878226e+01	3.261091e+00
6.761922341564193e-06	7.878954e+01	3.261059e+00
6.762196694204383e-06	7.879135e+01	3.261051e+00
6.762265282364431e-06	7.879180e+01	3.261050e+00
6.762282429404443e-06	7.879192e+01	3.261049e+00
6.762316723484468e-06	7.879214e+01	3.261048e+00
6.762325297004473e-06	7.879220e+01	3.261048e+00
6.762327440384474e-06	7.879221e+01	3.261048e+00
6.762331727144478e-06	7.879224e+01	3.261048e+00
6.762340300664483e-06	7.879230e+01	3.261047e+00
6.762342444044485e-06	7.879231e+01	3.261047e+00
6.762346730804488e-06	7.879234e+01	3.261047e+00
6.762355304324494e-06	7.879240e+01	3.261047e+00
6.762372451364506e-06	7.879251e+01	3.261046e+00
6.762406745444530e-06	7.879273e+01	3.261045e+00
6.762459740499890e-06	7.879308e+01	3.261044e+00
6.762543933400754e-06	7.879362e+01	3.261041e+00
6.762634310201070e-06	7.879423e+01	3.261039e+00
6.762815063801701e-06	7.879542e+01	3.261034e+00
6.763547665988526e-06	7.880026e+01	3.261013e+00
6.764391548412840e-06	7.880583e+01	3.260988e+00
6.766079313261467e-06	7.881695e+01	3.260939e+00
6.769454842958723e-06	7.883910e+01	3.260839e+00
6.773712369390422e-06	7.886690e+01	3.260711e+00
6.777868265847014e-06	7.889386e+01	3.260585e+00
6.781758068583162e-06	7.891897e+01	3.260464e+00
6.784226467383899e-06	7.893487e+01	3.260386e+00
6.786498858025613e-06	7.894949e+01	3.260314e+00
6.788169159151261e-06	7.896019e+01	3.260260e+00
6.790063833954117e-06	7.897216e+01	3.260197e+00
6.792195066202102e-06	7.898540e+01	3.260126e+00
6.793752589174893e-06	7.899494e+01	3.260073e+00
6.794722572446268e-06	7.900085e+01	3.260039e+00
6.795435611297315e-06	7.900516e+01	3.260014e+00
6.795923912710127e-06	7.900803e+01	3.259997e+00
6.796364195973382e-06	7.901057e+01	3.259981e+00
6.796833953758170e-06	7.901325e+01	3.259964e+00
6.797494508216799e-06	7.901699e+01	3.259940e+00
6.798583806328132e-06	7.902307e+01	3.259900e+00
6.799705478947703e-06	7.902923e+01	3.259858e+00
6.800787708915615e-06	7.903506e+01	3.259817e+00
6.801784816841328e-06	7.904036e+01	3.259778e+00
6.802814648345673e-06	7.904574e+01	3.259737e+00
6.803836892344252e-06	7.905099e+01	3.259695e+00
6.804883500210505e-06	7.905628e+01	3.259650e+00
6.805910271404343e-06	7.906136e+01	3.259604e+00
6.806948807511608e-06	7.906637e+01	3.259556e+00
6.807975572511456e-06	7.907114e+01	3.259506e+00
6.809012924684684e-06	7.907572e+01	3.259451e+00
6.810042158095078e-06	7.907986e+01	3.259394e+00
6.811078278622431e-06	7.908334e+01	3.259332e+00
6.812108418923453e-06	7.908561e+01	3.259265e+00
6.813143489317053e-06	7.908605e+01	3.259192e+00
6.814174441290024e-06	7.908395e+01	3.259113e+00
6.815208883625504e-06	7.907842e+01	3.259028e+00
6.816240398780691e-06	7.906915e+01	3.258938e+00
6.816701951976119e-06	7.906316e+01	3.258895e+00
6.816960606137230e-06	7.905879e+01	3.258871e+00
6.817225538719036e-06	7.905360e+01	3.258846e+00
6.817380524736747e-06	7.905034e+01	3.258831e+00
6.817542383384519e-06	7.904675e+01	3.258816e+00
6.817790528051421e-06	7.904090e+01	3.258792e+00
6.818286817385224e-06	7.902817e+01	3.258743e+00
6.819041776141867e-06	7.900599e+01	3.258667e+00
6.820161087434244e-06	7.896585e+01	3.258551e+00
6.821269386169820e-06	7.891071e+01	3.258433e+00
6.822412770686568e-06	7.881265e+01	3.258307e+00
6.823083518532414e-06	7.864123e+01	3.258230e+00
6.823493098209824e-06	7.835356e+01	3.258183e+00
6.823660317203196e-06	7.812098e+01	3.258163e+00
6.823748029141642e-06	7.794292e+01	3.258152e+00
6.823840684243671e-06	7.770811e+01	3.258141e+00
6.824025994447728e-06	7.711944e+01	3.258117e+00
6.824396614855844e-06	7.554899e+01	3.258069e+00
6.825137855672075e-06	7.135252e+01	3.257968e+00
6.826143855088574e-06	6.420394e+01	3.257823e+00
6.827553049890705e-06	5.297198e+01	3.257610e+00
6.829303316606779e-06	3.962769e+01	3.257339e+00
6.831617640886716e-06	2.546759e+01	3.256987e+00
6.834217872429385e-06	1.489016e+01	3.256618e+00
6.836999946312343e-06	8.645631e+00	3.256271e+00
6.839328882857585e-06	6.180697e+00	3.256022e+00
6.840484131798788e-06	5.700167e+00	3.255915e+00
6.840689502117593e-06	5.681934e+00	3.255898e+00
6.841100242755202e-06	5.721856e+00	3.255866e+00
6.841921724030421e-06	5.945152e+00	3.255807e+00
6.843000000000000e-06	6.410283e+00	3.255735e+00
6.843142857142857e-06	6.505253e+00	3.255727e+00
6.843285714285714e-06	6.605979e+00	3.255718e+00
6.843428571428572e-06	6.712462e+00	3.255710e+00
6.843571428571428e-06	6.824700e+00	3.255702e+00
6.843714285714285e-06	6.942695e+00	3.255694e+00
6.843857142857143e-06	7.066446e+00	3.255686e+00
6.844000000000000e-06	7.195954e+00	3.255678e+00
6.844439732702885e-06	7.642471e+00	3.255656e+00
6.844893650331668e-06	8.179504e+00	3.255635e+00
6.845801485589238e-06	9.443157e+00	3.255595e+00
6.846928827435654e-06	1.136167e+01	3.255551e+00
6.848126048915072e-06	1.386881e+01	3.255508e+00
6.849271609883707e-06	1.671262e+01	3.255469e+00
6.850213752250626e-06	1.933919e+01	3.255436e+00
6.850843451709908e-06	2.121550e+01	3.255410e+00
6.851159463633368e-06	2.218763e+01	3.255394e+00
6.851312066827428e-06	2.266361e+01	3.255384e+00
6.851477153751117e-06	2.318152e+01	3.255372e+00
6.851547436870979e-06	2.340272e+01	3.255367e+00
6.851628131095412e-06	2.365735e+01	3.255361e+00
6.851708333210177e-06	2.391087e+01	3.255356e+00
6.851780284059515e-06	2.413870e+01	3.255350e+00
6.851863054510885e-06	2.440120e+01	3.255345e+00
6.851958538365113e-06	2.470451e+01	3.255338e+00
6.852067750883754e-06	2.505202e+01	3.255330e+00
6.852233443821258e-06	2.558009e+01	3.255318e+00
6.852405568423594e-06	2.612941e+01	3.255305e+00
6.852726505835075e-06	2.715352e+01	3.255282e+00
6.853300390446123e-06	2.897737e+01	3.255239e+00
6.853879763646331e-06	3.078850e+01	3.255196e+00
6.854880149737393e-06	3.378759e+01	3.255119e+00
6.856113641532674e-06	3.712327e+01	3.255022e+00
6.857884979754777e-06	4.129234e+01	3.254877e+00
6.858185059132184e-06	4.187506e+01	3.254851e+00
6.858785217886998e-06	4.277120e+01	3.254799e+00
6.859985535396627e-06	4.420439e+01	3.254693e+00
6.860236883117106e-06	4.442559e+01	3.254671e+00
6.860299720047225e-06	4.446706e+01	3.254665e+00
6.860425393907464e-06	4.455226e+01	3.254654e+00
6.860676741627943e-06	4.474023e+01	3.254631e+00
6.860997559645083e-06	4.496998e+01	3.254601e+00
6.861453815709193e-06	4.519329e+01	3.254558e+00
6.861942749144093e-06	4.498084e+01	3.254512e+00
6.862354601895326e-06	4.370600e+01	3.254473e+00
6.862788157682564e-06	4.086285e+01	3.254432e+00
6.863087423148566e-06	3.821045e+01	3.254403e+00
6.863392507703634e-06	3.529174e+01	3.254374e+00
6.863750342554483e-06	3.204639e+01	3.254339e+00
6.864466012256183e-06	2.638982e+01	3.254271e+00
6.865538381551188e-06	1.959289e+01	3.254168e+00
6.866773055925712e-06	1.380603e+01	3.254048e+00
6.868011930134073e-06	9.774809e+00	3.253928e+00
6.869307443931045e-06	6.923806e+00	3.253803e+00
6.870375731988290e-06	5.295529e+00	3.253699e+00
6.870986401999020e-06	4.611506e+00	3.253639e+00
6.871290310401475e-06	4.350788e+00	3.253610e+00
6.871454250533541e-06	4.258535e+00	3.253594e+00
6.871612263799197e-06	4.210979e+00	3.253579e+00
6.871949364213642e-06	4.145216e+00	3.253546e+00
6.872288195107493e-06	4.083858e+00	3.253513e+00
6.872754395317041e-06	3.997087e+00	3.253468e+00
6.873276199712844e-06	3.886883e+00	3.253417e+00
6.874084604129790e-06	3.669354e+00	3.253339e+00
6.874829931877449e-06	3.415725e+00	3.253267e+00
6.875387705658505e-06	3.202670e+00	3.253213e+00
6.876071535397797e-06	2.936433e+00	3.253148e+00
6.877164105072253e-06	2.511772e+00	3.253044e+00
6.878558527456623e-06	1.972492e+00	3.252912e+00
6.880885033652663e-06	1.100836e+00	3.252694e+00
6.882991150736085e-06	4.158182e-01	3.252500e+00
6.884069861943561e-06	1.946528e-01	3.252402e+00
6.884773762468635e-06	1.383887e-01	3.252338e+00
6.885176008753392e-06	1.260201e-01	3.252302e+00
6.885678691057988e-06	1.155365e-01	3.252257e+00
6.886684055667181e-06	1.018524e-01	3.252168e+00
6.887676941015311e-06	9.351493e-02	3.252080e+00
6.888931998110149e-06	8.787787e-02	3.251971e+00
6.890806773098660e-06	8.404339e-02	3.251810e+00
6.892772473526152e-06	8.338222e-02	3.251644e+00
6.895829685855454e-06	8.604354e-02	3.251393e+00
6.899306918136948e-06	9.154081e-02	3.251115e+00
6.902452673360401e-06	9.781311e-02	3.250871e+00
6.905785553047173e-06	1.051772e-01	3.250621e+00
6.908793630681265e-06	1.121845e-01	3.250402e+00
6.911847141032284e-06	1.195308e-01	3.250187e+00
6.914632031957727e-06	1.263601e-01	3.249997e+00
6.917372047118179e-06	1.331595e-01	3.249815e+00
6.919907464366735e-06	1.394942e-01	3.249652e+00
6.922460876747658e-06	1.458966e-01	3.249493e+00
6.925099005399594e-06	1.525204e-01	3.249332e+00
6.928379108186825e-06	1.607438e-01	3.249141e+00
6.932483096161745e-06	1.709896e-01	3.248911e+00
6.938023316184257e-06	1.846903e-01	3.248620e+00
6.945562854574274e-06	2.030045e-01	3.248257e+00
6.956720951583141e-06	2.292047e-01	3.247791e+00
6.974646043146258e-06	2.684521e-01	3.247217e+00
7.009797465083808e-06	3.369846e-01	3.246539e+00
7.049797465083807e-06	4.030390e-01	3.246325e+00
7.089797465083807e-06	4.562982e-01	3.246655e+00
7.129797465083807e-06	4.981239e-01	3.247431e+00
7.169797465083808e-06	5.304458e-01	3.248551e+00
7.209797465083808e-06	5.550133e-01	3.249934e+00
7.249797465083807e-06	5.733162e-01	3.251514e+00
7.289797465083808e-06	5.865733e-01	3.253236e+00
7.329797465083808e-06	5.957441e-01	3.255057e+00
7.369797465083808e-06	6.015499e-01	3.256943e+00
7.409797465083807e-06	6.045016e-01	3.258864e+00
7.449797465083808e-06	6.049349e-01	3.260795e+00
7.489797465083808e-06	6.030482e-01	3.262714e+00
7.529797465083808e-06	5.989434e-01	3.264600e+00
7.569797465083808e-06	5.926648e-01	3.266433e+00
7.609797465083808e-06	5.842320e-01	3.268193e+00
7.649797465083808e-06	5.736625e-01	3.269861e+00
7.689797465083808e-06	5.614145e-01	3.271446e+00
7.696276054269881e-06	5.591948e-01	3.271689e+00
7.702754643455954e-06	5.569131e-01	3.271928e+00
7.709233232642026e-06	5.545695e-01	3.272162e+00
7.715711821828098e-06	5.521640e-01	3.272393e+00
7.722190411014170e-06	5.496966e-01	3.272619e+00
7.728669000200243e-06	5.471673e-01	3.272842e+00
7.735147589386316e-06	5.445760e-01	3.273060e+00
7.754242714678697e-06	5.367258e-01	3.273684e+00
7.762627826868642e-06	5.331337e-01	3.273947e+00
7.765087815112240e-06	5.320600e-01	3.274022e+00
7.770007791599438e-06	5.298908e-01	3.274171e+00
7.776635676464402e-06	5.269306e-01	3.274368e+00
7.782278102925431e-06	5.243754e-01	3.274532e+00
7.786630400927816e-06	5.223792e-01	3.274656e+00
7.790354670494068e-06	5.206528e-01	3.274761e+00
7.793799914710636e-06	5.190424e-01	3.274856e+00
7.796123310604548e-06	5.179493e-01	3.274919e+00
7.797470120943419e-06	5.173127e-01	3.274955e+00
7.798461650785357e-06	5.168426e-01	3.274981e+00
7.798979100487164e-06	5.165968e-01	3.274994e+00
7.799169279955329e-06	5.165064e-01	3.274999e+00
7.799176776001856e-06	5.165028e-01	3.274999e+00
7.799191768094906e-06	5.164957e-01	3.275000e+00
7.799221752281008e-06	5.164814e-01	3.275001e+00
7.799262162357906e-06	5.164622e-01	3.275002e+00
7.799315090145237e-06	5.164370e-01	3.275003e+00
7.799632656869214e-06	5.162858e-01	3.275011e+00
7.800056079167853e-06	5.160840e-01	3.275022e+00
7.800902923765129e-06	5.156797e-01	3.275044e+00
7.802596612959681e-06	5.148680e-01	3.275088e+00
7.805983991348786e-06	5.132362e-01	3.275173e+00
7.809271553761280e-06	5.116423e-01	3.275255e+00
7.812353163720762e-06	5.101385e-01	3.275330e+00
7.814339498432490e-06	5.091633e-01	3.275378e+00
7.817102173356286e-06	5.077977e-01	3.275443e+00
7.821954402162034e-06	5.053805e-01	3.275555e+00
7.827130706760538e-06	5.027780e-01	3.275671e+00
7.832085886958926e-06	5.002618e-01	3.275779e+00
7.836639188889134e-06	4.979275e-01	3.275875e+00
7.841306215421850e-06	4.955131e-01	3.275969e+00
7.845966068208059e-06	4.930810e-01	3.276060e+00
7.850726256938636e-06	4.905750e-01	3.276150e+00
7.855410097061068e-06	4.880883e-01	3.276235e+00
7.860134104375370e-06	4.855595e-01	3.276318e+00
7.867757739829127e-06	4.814323e-01	3.276444e+00
7.875381375282883e-06	4.772562e-01	3.276561e+00
7.883005010736640e-06	4.730313e-01	3.276668e+00
7.890628646190395e-06	4.687576e-01	3.276766e+00
7.898252281644153e-06	4.644350e-01	3.276854e+00
7.905875917097908e-06	4.600635e-01	3.276933e+00
7.913499552551666e-06	4.556432e-01	3.277002e+00
7.926282772307841e-06	4.481435e-01	3.277095e+00
7.943504416228298e-06	4.378632e-01	3.277174e+00
7.969751882775934e-06	4.218711e-01	3.277187e+00
8.009751882775934e-06	3.970249e-01	3.276998e+00
8.049751882775933e-06	3.718542e-01	3.276558e+00
8.089751882775934e-06	3.466319e-01	3.275844e+00
8.129751882775934e-06	3.215584e-01	3.274919e+00
8.133000000000000e-06	3.195420e-01	3.274832e+00
8.139496234448132e-06	3.155471e-01	3.274640e+00
8.152488703344395e-06	3.075953e-01	3.274243e+00
8.155488703344395e-06	3.057732e-01	3.274147e+00
8.164999999999999e-06	3.000327e-01	3.273833e+00
8.165999999999999e-06	2.994319e-01	3.273799e+00
8.171000000000000e-06	2.964399e-01	3.273626e+00
8.171999999999999e-06	2.958433e-01	3.273592e+00
8.173000000000000e-06	2.952473e-01	3.273556e+00
8.173100000000000e-06	2.951878e-01	3.273553e+00
8.173300000000000e-06	2.950687e-01	3.273546e+00
8.173599999999999e-06	2.948902e-01	3.273535e+00
8.174000000000000e-06	2.946523e-01	3.273521e+00
8.174039999999999e-06	2.946285e-01	3.273520e+00
8.174120000000000e-06	2.945809e-01	3.273517e+00
8.174600000000000e-06	2.942955e-01	3.273500e+00
8.175240000000000e-06	2.939131e-01	3.273477e+00
8.176520000000000e-06	2.931471e-01	3.273432e+00
8.179080000000000e-06	2.916290e-01	3.273339e+00
8.188824931003431e-06	2.859063e-01	3.272980e+00
8.189922341564194e-06	2.852632e-01	3.272938e+00
8.190196694204384e-06	2.850303e-01	3.272928e+00
8.190265282364431e-06	2.848141e-01	3.272925e+00
8.190282429404443e-06	2.844152e-01	3.272925e+00
8.190316723484466e-06	2.824583e-01	3.272923e+00
8.190325297004473e-06	2.815000e-01	3.272923e+00
8.190327440384475e-06	2.811258e-01	3.272923e+00
8.190331727144478e-06	2.801644e-01	3.272923e+00
8.190340300664483e-06	2.778771e-01	3.272923e+00
8.190342444044485e-06	2.771921e-01	3.272923e+00
8.190346730804488e-06	2.755365e-01	3.272922e+00
8.190355304324493e-06	2.715826e-01	3.272922e+00
8.190372451364507e-06	2.632272e-01	3.272921e+00
8.190406745444530e-06	2.505113e-01	3.272920e+00
8.190459741148330e-06	2.405367e-01	3.272918e+00
8.190543935668796e-06	2.344537e-01	3.272915e+00
8.190634314075135e-06	2.322154e-01	3.272912e+00
8.190815070887812e-06	2.314706e-01	3.272905e+00
8.191548062321102e-06	2.333757e-01	3.272877e+00
8.192392735387198e-06	2.360513e-01	3.272845e+00
8.194082081519387e-06	2.419687e-01	3.272779e+00
8.197460773783765e-06	2.568123e-01	3.272648e+00
8.201719126235609e-06	2.858219e-01	3.272480e+00
8.205874598516597e-06	3.480342e-01	3.272314e+00
8.209760522177031e-06	5.164421e-01	3.272156e+00
8.212228094080313e-06	8.375011e-01	3.272055e+00
8.214496597211897e-06	1.403414e+00	3.271960e+00
8.216164165571356e-06	1.926268e+00	3.271890e+00
8.218057802711348e-06	2.529661e+00	3.271808e+00
8.220191271333845e-06	3.206452e+00	3.271716e+00
8.221748656492983e-06	3.811429e+00	3.271647e+00
8.222718833736027e-06	4.381225e+00	3.271603e+00
8.223432134147250e-06	4.858989e+00	3.271571e+00
8.223920399865885e-06	5.093609e+00	3.271549e+00
8.224360882657455e-06	5.240024e+00	3.271529e+00
8.224830789286629e-06	5.413004e+00	3.271507e+00
8.225490978219964e-06	5.715749e+00	3.271476e+00
8.226579720768252e-06	6.335825e+00	3.271425e+00
8.227701607491591e-06	7.161334e+00	3.271372e+00
8.228783811950084e-06	8.212259e+00	3.271319e+00
8.229781058397076e-06	9.478584e+00	3.271270e+00
8.230810768799277e-06	1.116090e+01	3.271218e+00
8.231833078726791e-06	1.328438e+01	3.271165e+00
8.232879618038936e-06	1.601871e+01	3.271110e+00
8.233906451232770e-06	1.935332e+01	3.271054e+00
8.234944939949900e-06	2.348729e+01	3.270994e+00
8.235971744607065e-06	2.841605e+01	3.270933e+00
8.237009061745035e-06	3.429578e+01	3.270868e+00
8.238038323763843e-06	4.096217e+01	3.270800e+00
8.239074420295357e-06	4.820967e+01	3.270727e+00
8.240104580859520e-06	5.537434e+01	3.270649e+00
8.241139634182482e-06	6.188396e+01	3.270565e+00
8.242170600377527e-06	6.715273e+01	3.270475e+00
8.243205030702737e-06	7.083999e+01	3.270379e+00
8.244236555921105e-06	7.297157e+01	3.270277e+00
8.244695812072761e-06	7.336769e+01	3.270230e+00
8.244972516028580e-06	7.338731e+01	3.270201e+00
8.245228655889344e-06	7.331389e+01	3.270174e+00
8.245396975610756e-06	7.322865e+01	3.270156e+00
8.245550683730226e-06	7.311719e+01	3.270140e+00
8.245858099969166e-06	7.279995e+01	3.270106e+00
8.246472932447046e-06	7.182302e+01	3.270039e+00
8.247654670217481e-06	6.901972e+01	3.269906e+00
8.248765383108303e-06	6.535146e+01	3.269777e+00
8.249867424880239e-06	6.070675e+01	3.269645e+00
8.250797627368948e-06	5.616662e+01	3.269531e+00
8.251380919722825e-06	5.307747e+01	3.269457e+00
8.251600217774733e-06	5.186810e+01	3.269428e+00
8.251746928981935e-06	5.104419e+01	3.269409e+00
8.251890787615150e-06	5.022873e+01	3.269390e+00
8.252099757271415e-06	4.903393e+01	3.269361e+00
8.252461821282101e-06	4.694751e+01	3.269310e+00
8.253185949303475e-06	4.278127e+01	3.269202e+00
8.254214020164471e-06	3.705566e+01	3.269042e+00
8.255635045393560e-06	2.985946e+01	3.268811e+00
8.257416607842090e-06	2.248984e+01	3.268516e+00
8.259745307310205e-06	1.572687e+01	3.268136e+00
8.262376715893058e-06	1.145871e+01	3.267735e+00
8.265154847935345e-06	1.010991e+01	3.267359e+00
8.267493827168504e-06	1.129736e+01	3.267090e+00
8.269492064684724e-06	1.407089e+01	3.266896e+00
8.270492064684724e-06	1.622079e+01	3.266811e+00
8.270999999999999e-06	1.768307e+01	3.266773e+00
8.272000000000000e-06	2.102391e+01	3.266704e+00
8.272142857142856e-06	2.158638e+01	3.266695e+00
8.272285714285714e-06	2.216841e+01	3.266686e+00
8.272428571428571e-06	2.277000e+01	3.266677e+00
8.272571428571429e-06	2.339115e+01	3.266668e+00
8.272714285714286e-06	2.403186e+01	3.266659e+00
8.272857142857144e-06	2.469214e+01	3.266651e+00
8.273000000000000e-06	2.537197e+01	3.266643e+00
8.273069696189030e-06	2.571302e+01	3.266639e+00
8.273139392378059e-06	2.606064e+01	3.266635e+00
8.273209088567088e-06	2.641484e+01	3.266631e+00
8.273278784756118e-06	2.677561e+01	3.266627e+00
8.273348480945147e-06	2.714296e+01	3.266623e+00
8.273418177134176e-06	2.751689e+01	3.266619e+00
8.273487873323206e-06	2.789739e+01	3.266615e+00
8.273991484495546e-06	3.085528e+01	3.266588e+00
8.274998706840227e-06	3.772020e+01	3.266539e+00
8.276453979331090e-06	4.950745e+01	3.266470e+00
8.278089186073422e-06	6.461090e+01	3.266393e+00
8.278886770700740e-06	7.144762e+01	3.266351e+00
8.279335897001665e-06	7.351775e+01	3.266322e+00
8.279516034980402e-06	7.365536e+01	3.266307e+00
8.279673501828489e-06	7.370447e+01	3.266294e+00
8.279760295386632e-06	7.371786e+01	3.266287e+00
8.279812810311773e-06	7.368319e+01	3.266283e+00
8.279874551632896e-06	7.366339e+01	3.266277e+00
8.279919045669818e-06	7.367855e+01	3.266273e+00
8.279979228913115e-06	7.369971e+01	3.266269e+00
8.280041422531521e-06	7.370084e+01	3.266263e+00
8.280120371537982e-06	7.369453e+01	3.266257e+00
8.280226886446283e-06	7.369719e+01	3.266248e+00
8.280350954424566e-06	7.370345e+01	3.266237e+00
8.280530438614223e-06	7.370718e+01	3.266222e+00
8.280728252540209e-06	7.371200e+01	3.266206e+00
8.281123880392180e-06	7.372252e+01	3.266172e+00
8.281575135752365e-06	7.373298e+01	3.266133e+00
8.282192641187686e-06	7.374663e+01	3.266079e+00
8.283081300849881e-06	7.376396e+01	3.266000e+00
8.284266426428229e-06	7.378389e+01	3.265891e+00
8.286033256552805e-06	7.380842e+01	3.265724e+00
8.286361541824234e-06	7.381242e+01	3.265692e+00
8.287018112367094e-06	7.381903e+01	3.265627e+00
8.288331253452813e-06	7.382947e+01	3.265495e+00
8.288634384590805e-06	7.383135e+01	3.265464e+00
8.289240646866788e-06	7.383430e+01	3.265400e+00
8.289259592562911e-06	7.383439e+01	3.265398e+00
8.289297483955162e-06	7.383454e+01	3.265394e+00
8.289373266739659e-06	7.383484e+01	3.265386e+00
8.289524832308655e-06	7.383537e+01	3.265370e+00
8.289827963446645e-06	7.383629e+01	3.265338e+00
8.290232144977961e-06	7.383718e+01	3.265295e+00
8.290830303197098e-06	7.383781e+01	3.265230e+00
8.291228383964514e-06	7.383752e+01	3.265186e+00
8.291588274204956e-06	7.383642e+01	3.265147e+00
8.291928885869951e-06	7.383472e+01	3.265109e+00
8.292237024141064e-06	7.383289e+01	3.265075e+00
8.292565955532333e-06	7.383086e+01	3.265039e+00
8.293091015797536e-06	7.382764e+01	3.264981e+00
8.294114344387883e-06	7.382156e+01	3.264867e+00
8.295226789071092e-06	7.381506e+01	3.264743e+00
8.296522736144182e-06	7.380750e+01	3.264599e+00
8.297874632697971e-06	7.379957e+01	3.264447e+00
8.299111983337025e-06	7.379227e+01	3.264309e+00
8.299772014183631e-06	7.378838e+01	3.264235e+00
8.300139114429623e-06	7.378621e+01	3.264194e+00
8.300325251693971e-06	7.378512e+01	3.264173e+00
8.300438722810509e-06	7.378447e+01	3.264160e+00
8.300548486803641e-06	7.378384e+01	3.264148e+00
8.300695371780036e-06	7.378300e+01	3.264131e+00
8.300842771464762e-06	7.378217e+01	3.264115e+00
8.301137570834211e-06	7.378047e+01	3.264082e+00
8.301657948348626e-06	7.377748e+01	3.264024e+00
8.302158894199421e-06	7.377457e+01	3.263968e+00
8.302944089741310e-06	7.377000e+01	3.263880e+00
8.303687561065841e-06	7.376567e+01	3.263797e+00
8.304291226506170e-06	7.376217e+01	3.263730e+00
8.304940485238733e-06	7.375845e+01	3.263658e+00
8.305881303724029e-06	7.375320e+01	3.263554e+00
8.307072929948764e-06	7.374683e+01	3.263423e+00
8.308867044872444e-06	7.373798e+01	3.263227e+00
8.311267243302309e-06	7.372735e+01	3.262968e+00
8.312459490154070e-06	7.372269e+01	3.262841e+00
8.313052187606165e-06	7.372064e+01	3.262778e+00
8.313617539818654e-06	7.371883e+01	3.262718e+00
8.314122554500238e-06	7.371732e+01	3.262666e+00
8.314683563313612e-06	7.371574e+01	3.262607e+00
8.315592758789082e-06	7.371339e+01	3.262512e+00
8.316516736462867e-06	7.371127e+01	3.262417e+00
8.317916881855745e-06	7.370850e+01	3.262274e+00
8.319412573351879e-06	7.370612e+01	3.262122e+00
8.321305049144098e-06	7.370393e+01	3.261933e+00
8.323611438947501e-06	7.370228e+01	3.261707e+00
8.326061701057498e-06	7.370166e+01	3.261470e+00
8.329058687421062e-06	7.370226e+01	3.261187e+00
8.332110572322507e-06	7.370410e+01	3.260906e+00
8.334924444012990e-06	7.370680e+01	3.260652e+00
8.337551710013356e-06	7.371010e+01	3.260421e+00
8.339955281309942e-06	7.371368e+01	3.260213e+00
8.342014164454893e-06	7.371715e+01	3.260039e+00
8.343879316603181e-06	7.372061e+01	3.259884e+00
8.345748330942525e-06	7.372434e+01	3.259731e+00
8.347481522563776e-06	7.372803e+01	3.259591e+00
8.349596836888743e-06	7.373283e+01	3.259423e+00
8.351874638189169e-06	7.373833e+01	3.259246e+00
8.354490718780819e-06	7.374503e+01	3.259048e+00
8.357088696443153e-06	7.375209e+01	3.258854e+00
8.359778681470414e-06	7.375983e+01	3.258659e+00
8.363309734495341e-06	7.377069e+01	3.258411e+00
8.368926746825099e-06	7.378940e+01	3.258035e+00
8.377169548275323e-06	7.381979e+01	3.257520e+00
8.390275900963608e-06	7.387466e+01	3.256792e+00
8.411596244818382e-06	7.397802e+01	3.255832e+00
8.451596244818381e-06	7.419763e+01	3.254534e+00
8.488754732851073e-06	7.441674e+01	3.253703e+00
8.488893545868142e-06	7.441759e+01	3.253701e+00
8.489726423970557e-06	7.442271e+01	3.253691e+00
8.490836928107111e-06	7.442953e+01	3.253679e+00
8.493057936380218e-06	7.444315e+01	3.253654e+00
8.497499952926431e-06	7.447034e+01	3.253612e+00
8.506383986018861e-06	7.452432e+01	3.253545e+00
8.521056073174751e-06	7.461267e+01	3.253466e+00
8.524056073174751e-06	7.463052e+01	3.253456e+00
8.530056073174751e-06	7.466579e+01	3.253446e+00
8.533056073174750e-06	7.468330e+01	3.253443e+00
8.535824139359608e-06	7.469934e+01	3.253443e+00
8.537554559215065e-06	7.470930e+01	3.253443e+00
8.538824139359608e-06	7.471657e+01	3.253445e+00
8.541363299648694e-06	7.473102e+01	3.253448e+00
8.546441620226864e-06	7.475954e+01	3.253460e+00
8.556598261383207e-06	7.481538e+01	3.253499e+00
8.566598261383209e-06	7.486877e+01	3.253552e+00
8.576598261383207e-06	7.492023e+01	3.253624e+00
8.586598261383208e-06	7.496967e+01	3.253711e+00
8.595445231681772e-06	7.501185e+01	3.253800e+00
8.599455240024246e-06	7.503040e+01	3.253844e+00
8.601731708420455e-06	7.504072e+01	3.253870e+00
8.603255761275906e-06	7.504755e+01	3.253888e+00
8.604082787721981e-06	7.505123e+01	3.253898e+00
8.605144019818681e-06	7.505592e+01	3.253911e+00
8.606616297315746e-06	7.506239e+01	3.253930e+00
8.608017911124105e-06	7.506850e+01	3.253949e+00
8.610223902808446e-06	7.507801e+01	3.253978e+00
8.612571769312567e-06	7.508801e+01	3.254011e+00
8.615718806447891e-06	7.510118e+01	3.254056e+00
8.619733819266293e-06	7.511762e+01	3.254115e+00
8.625654612604780e-06	7.514108e+01	3.254208e+00
8.634607652910908e-06	7.517461e+01	3.254358e+00
8.650988974833146e-06	7.522968e+01	3.254661e+00
8.682435664866470e-06	7.531738e+01	3.255317e+00
8.722435664866469e-06	7.540066e+01	3.256252e+00
8.762435664866471e-06	7.545465e+01	3.257275e+00
8.802435664866470e-06	7.548446e+01	3.258359e+00
8.842435664866470e-06	7.549867e+01	3.259474e+00
8.882435664866471e-06	7.550641e+01	3.260595e+00
8.922435664866471e-06	7.551636e+01	3.261699e+00
8.962435664866470e-06	7.553606e+01	3.262765e+00
9.002435664866470e-06	7.557158e+01	3.263773e+00
9.042435664866470e-06	7.562750e+01	3.264703e+00
9.082435664866471e-06	7.570711e+01	3.265536e+00
9.122435664866471e-06	7.581262e+01	3.266253e+00
9.162435664866470e-06	7.594527e+01	3.266835e+00
9.202435664866471e-06	7.610529e+01	3.267266e+00
9.242435664866471e-06	7.629199e+01	3.267529e+00
9.282435664866471e-06	7.650378e+01	3.267609e+00
9.322435664866470e-06	7.673819e+01	3.267492e+00
9.362435664866470e-06	7.699202e+01	3.267168e+00
9.402435664866471e-06	7.726138e+01	3.266627e+00
9.442435664866471e-06	7.754190e+01	3.265864e+00
9.482435664866470e-06	7.782880e+01	3.264875e+00
9.522435664866472e-06	7.811704e+01	3.263659e+00
9.562435664866471e-06	7.840367e+01	3.262273e+00
9.563435664866470e-06	7.841077e+01	3.262235e+00
9.565435664866471e-06	7.842485e+01	3.262157e+00
9.569435664866472e-06	7.845294e+01	3.261998e+00
9.577435664866472e-06	7.850883e+01	3.261675e+00
9.585999999999999e-06	7.856834e+01	3.261322e+00
9.586999999999998e-06	7.857526e+01	3.261280e+00
9.588999999999999e-06	7.858903e+01	3.261196e+00
9.592999999999999e-06	7.861651e+01	3.261025e+00
9.594000000000000e-06	7.862336e+01	3.260982e+00
9.595999999999999e-06	7.863702e+01	3.260896e+00
9.598000000000000e-06	7.865067e+01	3.260809e+00
9.599000000000001e-06	7.865747e+01	3.260766e+00
9.600000000000000e-06	7.866427e+01	3.260722e+00
9.601000000000000e-06	7.867106e+01	3.260678e+00
9.602000000000001e-06	7.867784e+01	3.260634e+00
9.602100000000001e-06	7.867851e+01	3.260629e+00
9.602300000000001e-06	7.867987e+01	3.260621e+00
9.602600000000000e-06	7.868190e+01	3.260607e+00
9.602999999999999e-06	7.868461e+01	3.260590e+00
9.603040000000000e-06	7.868488e+01	3.260588e+00
9.603120000000001e-06	7.868542e+01	3.260584e+00
9.603280000000000e-06	7.868650e+01	3.260577e+00
9.603600000000001e-06	7.868867e+01	3.260563e+00
9.604240000000000e-06	7.869299e+01	3.260535e+00
9.605519999999999e-06	7.870162e+01	3.260478e+00
9.608080000000001e-06	7.871883e+01	3.260363e+00
9.612506706178283e-06	7.874847e+01	3.260163e+00
9.617276225723048e-06	7.878025e+01	3.259945e+00
9.617824931003430e-06	7.878390e+01	3.259920e+00
9.618922341564193e-06	7.879116e+01	3.259869e+00
9.619196694204385e-06	7.879298e+01	3.259856e+00
9.619265282364432e-06	7.879343e+01	3.259853e+00
9.619282429404444e-06	7.879354e+01	3.259852e+00
9.619316723484467e-06	7.879377e+01	3.259851e+00
9.619325297004472e-06	7.879382e+01	3.259851e+00
9.619327440384476e-06	7.879384e+01	3.259850e+00
9.619331727144478e-06	7.879387e+01	3.259850e+00
9.619340300664484e-06	7.879392e+01	3.259850e+00
9.619342444044486e-06	7.879394e+01	3.259850e+00
9.619346730804489e-06	7.879397e+01	3.259850e+00
9.619355304324494e-06	7.879402e+01	3.259849e+00
9.619372451364506e-06	7.879414e+01	3.259848e+00
9.619406745444530e-06	7.879436e+01	3.259847e+00
9.619459740496495e-06	7.879470e+01	3.259844e+00
9.619543933386380e-06	7.879525e+01	3.259840e+00
9.619634310170924e-06	7.879585e+01	3.259836e+00
9.619815063740009e-06	7.879704e+01	3.259828e+00
9.620547644766517e-06	7.880188e+01	3.259794e+00
9.621391484145196e-06	7.880744e+01	3.259754e+00
9.623079162902552e-06	7.881854e+01	3.259676e+00
9.626454520417267e-06	7.884067e+01	3.259517e+00
9.630712001849807e-06	7.886843e+01	3.259315e+00
9.634867921398443e-06	7.889536e+01	3.259115e+00
9.638757930169906e-06	7.892043e+01	3.258926e+00
9.641226380481951e-06	7.893632e+01	3.258806e+00
9.643498948791990e-06	7.895093e+01	3.258693e+00
9.645169375851775e-06	7.896161e+01	3.258610e+00
9.647064105313803e-06	7.897356e+01	3.258514e+00
9.649195260254338e-06	7.898679e+01	3.258405e+00
9.650752651034244e-06	7.899632e+01	3.258325e+00
9.651722560961865e-06	7.900221e+01	3.258274e+00
9.652435617279706e-06	7.900651e+01	3.258237e+00
9.652923889500686e-06	7.900938e+01	3.258211e+00
9.653364218670808e-06	7.901192e+01	3.258188e+00
9.653834008649706e-06	7.901460e+01	3.258162e+00
9.654494443656890e-06	7.901833e+01	3.258127e+00
9.655584119111314e-06	7.902441e+01	3.258068e+00
9.656705575453841e-06	7.903055e+01	3.258006e+00
9.657787953830172e-06	7.903638e+01	3.257946e+00
9.658784909083382e-06	7.904166e+01	3.257889e+00
9.659814870012594e-06	7.904704e+01	3.257830e+00
9.660837015394934e-06	7.905228e+01	3.257770e+00
9.661883711816722e-06	7.905756e+01	3.257707e+00
9.662910409081305e-06	7.906263e+01	3.257643e+00
9.663949006585876e-06	7.906763e+01	3.257576e+00
9.664975720352920e-06	7.907240e+01	3.257508e+00
9.666013116320173e-06	7.907696e+01	3.257436e+00
9.667042313442723e-06	7.908109e+01	3.257361e+00
9.668078464622518e-06	7.908456e+01	3.257280e+00
9.669108579270561e-06	7.908681e+01	3.257195e+00
9.670143671296692e-06	7.908724e+01	3.257104e+00
9.671174605190460e-06	7.908512e+01	3.257007e+00
9.672209062768272e-06	7.907957e+01	3.256904e+00
9.673240565160147e-06	7.907028e+01	3.256796e+00
9.673702073770472e-06	7.906429e+01	3.256746e+00
9.673960949451155e-06	7.905991e+01	3.256717e+00
9.674225873771866e-06	7.905472e+01	3.256687e+00
9.674380390507646e-06	7.905145e+01	3.256669e+00
9.674542544558587e-06	7.904784e+01	3.256651e+00
9.674790811239290e-06	7.904199e+01	3.256622e+00
9.675287344600699e-06	7.902924e+01	3.256565e+00
9.676045704043426e-06	7.900690e+01	3.256475e+00
9.677165983830588e-06	7.896662e+01	3.256340e+00
9.678274009183532e-06	7.891121e+01	3.256202e+00
9.679417933451432e-06	7.881162e+01	3.256056e+00
9.680088697743109e-06	7.863631e+01	3.255968e+00
9.680492613572676e-06	7.827795e+01	3.255913e+00
9.680857318912204e-06	7.761256e+01	3.255863e+00
9.681001585317763e-06	7.721317e+01	3.255842e+00
9.681165389998769e-06	7.661765e+01	3.255818e+00
9.681492999360781e-06	7.511541e+01	3.255769e+00
9.682148218084809e-06	7.125706e+01	3.255668e+00
9.683251330074921e-06	6.328824e+01	3.255489e+00
9.684624555960725e-06	5.235093e+01	3.255257e+00
9.686497647983520e-06	3.820033e+01	3.254934e+00
9.688766834911431e-06	2.466858e+01	3.254550e+00
9.691475818754041e-06	1.412301e+01	3.254122e+00
9.694227183238793e-06	8.308210e+00	3.253735e+00
9.696576432218693e-06	6.020193e+00	3.253447e+00
9.697487973376774e-06	5.710586e+00	3.253349e+00
9.698176917683834e-06	5.712072e+00	3.253282e+00
9.698622111385880e-06	5.792645e+00	3.253241e+00
9.699109612595909e-06	5.965275e+00	3.253198e+00
9.700000000000000e-06	6.391589e+00	3.253124e+00
9.700142857142857e-06	6.486254e+00	3.253113e+00
9.700285714285715e-06	6.586711e+00	3.253102e+00
9.700428571428571e-06	6.692959e+00	3.253092e+00
9.700571428571430e-06	6.804999e+00	3.253081e+00
9.700714285714286e-06	6.922830e+00	3.253071e+00
9.700857142857144e-06	7.046453e+00	3.253060e+00
9.701000000000001e-06	7.175867e+00	3.253050e+00
9.701364076700968e-06	7.539459e+00	3.253025e+00
9.701733932397189e-06	7.958670e+00	3.253001e+00
9.702473643789631e-06	8.921062e+00	3.252955e+00
9.703449044922680e-06	1.043082e+01	3.252898e+00
9.704403693104578e-06	1.222224e+01	3.252845e+00
9.705423234893468e-06	1.455321e+01	3.252792e+00
9.707121112834607e-06	1.904245e+01	3.252703e+00
9.707858843261824e-06	2.118719e+01	3.252660e+00
9.708291612895201e-06	2.251660e+01	3.252628e+00
9.708462841230507e-06	2.305089e+01	3.252613e+00
9.708629447706588e-06	2.357414e+01	3.252599e+00
9.708715256994633e-06	2.384444e+01	3.252591e+00
9.708767058400263e-06	2.400797e+01	3.252586e+00
9.708828216639270e-06	2.420127e+01	3.252581e+00
9.708871000400039e-06	2.433663e+01	3.252577e+00
9.708929774640513e-06	2.452276e+01	3.252572e+00
9.708990237768490e-06	2.471444e+01	3.252566e+00
9.709067059477337e-06	2.495824e+01	3.252559e+00
9.709164684551806e-06	2.526842e+01	3.252551e+00
9.709293704104396e-06	2.567882e+01	3.252539e+00
9.709445818374933e-06	2.616315e+01	3.252526e+00
9.709652562604301e-06	2.682164e+01	3.252507e+00
9.710021947160847e-06	2.799658e+01	3.252473e+00
9.710394570440243e-06	2.917507e+01	3.252439e+00
9.710979795923328e-06	3.099824e+01	3.252385e+00
9.711775803864751e-06	3.338667e+01	3.252310e+00
9.712956466547514e-06	3.658939e+01	3.252196e+00
9.714924178913158e-06	4.122098e+01	3.252000e+00
9.715345211765651e-06	4.201193e+01	3.251957e+00
9.716187277470634e-06	4.326617e+01	3.251869e+00
9.716397793896879e-06	4.353001e+01	3.251847e+00
9.716818826749372e-06	4.397123e+01	3.251802e+00
9.717134601388739e-06	4.424060e+01	3.251768e+00
9.717187230495302e-06	4.428032e+01	3.251763e+00
9.717292488708424e-06	4.435201e+01	3.251751e+00
9.717503005134671e-06	4.449135e+01	3.251729e+00
9.717924037987162e-06	4.477222e+01	3.251682e+00
9.718357019434525e-06	4.501417e+01	3.251635e+00
9.718944362411862e-06	4.502573e+01	3.251569e+00
9.719363225778324e-06	4.424469e+01	3.251522e+00
9.719743296463788e-06	4.227783e+01	3.251479e+00
9.720132483824658e-06	3.913346e+01	3.251435e+00
9.720431714722227e-06	3.632926e+01	3.251400e+00
9.720743029284640e-06	3.342211e+01	3.251365e+00
9.721270206875220e-06	2.900795e+01	3.251305e+00
9.722324562056380e-06	2.177556e+01	3.251185e+00
9.723615208340934e-06	1.507806e+01	3.251037e+00
9.724793058786150e-06	1.083431e+01	3.250902e+00
9.726236283532367e-06	7.350289e+00	3.250736e+00
9.727315083990175e-06	5.552485e+00	3.250612e+00
9.727952826322600e-06	4.785200e+00	3.250539e+00
9.728300046064741e-06	4.450993e+00	3.250499e+00
9.728477716086023e-06	4.311783e+00	3.250479e+00
9.728578381400986e-06	4.257302e+00	3.250467e+00
9.728675746168859e-06	4.226160e+00	3.250456e+00
9.728788271670905e-06	4.200662e+00	3.250443e+00
9.729135004576475e-06	4.134749e+00	3.250403e+00
9.729597315117237e-06	4.050314e+00	3.250350e+00
9.730069001712118e-06	3.960963e+00	3.250296e+00
9.730664092412810e-06	3.834342e+00	3.250227e+00
9.731186020200668e-06	3.690892e+00	3.250168e+00
9.731855545573141e-06	3.459201e+00	3.250091e+00
9.732317777359010e-06	3.283173e+00	3.250038e+00
9.732914960464724e-06	3.050883e+00	3.249970e+00
9.734046140253682e-06	2.610904e+00	3.249842e+00
9.735476886585963e-06	2.057122e+00	3.249681e+00
9.738157055518424e-06	1.069319e+00	3.249383e+00
9.740505999070003e-06	3.523374e-01	3.249124e+00
9.741582003959790e-06	1.667430e-01	3.249007e+00
9.742432041291109e-06	1.209434e-01	3.248916e+00
9.742814904173179e-06	1.131523e-01	3.248874e+00
9.743320653850760e-06	1.052547e-01	3.248821e+00
9.744323508188837e-06	9.535190e-02	3.248714e+00
9.745640479198392e-06	8.752792e-02	3.248575e+00
9.746889914637970e-06	8.379734e-02	3.248445e+00
9.748943123282947e-06	8.174567e-02	3.248234e+00
9.751111204695595e-06	8.230607e-02	3.248014e+00
9.753550146010968e-06	8.513775e-02	3.247771e+00
9.756293851397678e-06	8.981830e-02	3.247504e+00
9.759595800180674e-06	9.651019e-02	3.247189e+00
9.762939698091444e-06	1.039406e-01	3.246879e+00
9.766063975090793e-06	1.112674e-01	3.246596e+00
9.768973129706142e-06	1.183076e-01	3.246340e+00
9.771737878455838e-06	1.251225e-01	3.246102e+00
9.774341252118172e-06	1.316114e-01	3.245883e+00
9.776793565405953e-06	1.377638e-01	3.245681e+00
9.779128575158179e-06	1.436420e-01	3.245493e+00
9.781550134125324e-06	1.497475e-01	3.245302e+00
9.784446826905738e-06	1.570433e-01	3.245079e+00
9.788178991138173e-06	1.664142e-01	3.244801e+00
9.793062565823473e-06	1.785825e-01	3.244452e+00
9.799828908520066e-06	1.952011e-01	3.243995e+00
9.809404250137363e-06	2.180852e-01	3.243402e+00
9.824583778999114e-06	2.524744e-01	3.242588e+00
9.851283026337131e-06	3.073533e-01	3.241468e+00
9.891283026337132e-06	3.784020e-01	3.240335e+00
9.931283026337132e-06	4.368388e-01	3.239757e+00
9.971283026337132e-06	4.837295e-01	3.239647e+00
9.999999999999999e-06	5.119835e-01	3.239776e+00
